TIME,POINT1,POINT2,POINT3
0.000000,239.940087,239.910130,0.050000
0.020000,239.886476,239.839158,0.050000
0.040000,239.836527,239.779149,0.050000
0.060000,239.789260,239.726055,0.050000
0.080000,239.744196,239.677618,0.050000
0.100000,239.701021,239.632494,0.050000
0.120000,239.659490,239.589840,0.050000
0.140000,239.619400,239.549104,0.050000
0.160000,239.580575,239.509912,0.050000
0.180000,239.542868,239.471997,0.050000
0.200000,239.506149,239.435165,0.050000
0.220000,239.470312,239.399268,0.050000
0.240000,239.435264,239.364191,0.050000
0.260000,239.400927,239.329842,0.050000
0.280000,239.367233,239.296147,0.050000
0.300000,239.334124,239.263043,0.050000
0.320000,239.301550,239.230477,0.050000
0.340000,239.269468,239.198406,0.050000
0.360000,239.237840,239.166789,0.050000
0.380000,239.206632,239.135592,0.050000
0.400000,239.175816,239.104787,0.050000
0.420000,239.145364,239.074347,0.050000
0.440000,239.115254,239.044249,0.050000
0.460000,239.085466,239.014473,0.050000
0.480000,239.055982,238.985000,0.050000
0.500000,239.026785,238.955814,0.050000
0.520000,238.997862,238.926901,0.050000
0.540000,238.969201,238.898250,0.050000
0.560000,238.940792,238.869850,0.050000
0.580000,238.912625,238.841693,0.050000
0.600000,238.884694,238.813771,0.050000
0.620000,238.856995,238.786080,0.050000
0.640000,238.829524,238.758616,0.050000
0.660000,238.802279,238.731378,0.050000
0.680000,238.775260,238.704366,0.050000
0.700000,238.748470,238.677583,0.050000
0.720000,238.721912,238.651031,0.050000
0.740000,238.695593,238.624717,0.050000
0.760000,238.669520,238.598648,0.050000
0.780000,238.643701,238.572835,0.050000
0.800000,238.618150,238.547287,0.050000
0.820000,238.592878,238.522019,0.050000
0.840000,238.567902,238.497046,0.050000
0.860000,238.543238,238.472385,0.050000
0.880000,238.518905,238.448055,0.050000
0.900000,238.494924,238.424077,0.050000
0.920000,238.471317,238.400473,0.050000
0.940000,238.448110,238.377268,0.050000
0.960000,238.425327,238.354487,0.050000
0.980000,238.402996,238.332159,0.050000
1.000000,238.381147,238.310311,0.050000
1.020000,238.359810,238.288976,0.050000
1.040000,238.339017,238.268185,0.050000
1.060000,238.318801,238.247971,0.050000
1.080000,238.299197,238.228368,0.050000
1.100000,238.280241,238.209413,0.050000
1.120000,238.261969,238.191143,0.050000
1.140000,238.244418,238.173593,0.050000
1.160000,238.227629,238.156805,0.050000
1.180000,238.211635,238.140814,0.050000
1.200000,238.196490,238.125667,0.050000
1.220000,238.182207,238.111392,0.050000
1.240000,238.168877,238.098050,0.050000
1.260000,238.156453,238.085647,0.050000
1.280000,238.145125,238.074286,0.050000
1.300000,238.134691,238.063907,0.050000
1.320000,238.125586,238.054715,0.050000
1.340000,238.117226,238.046492,0.050000
1.360000,238.110636,238.039688,0.050000
1.380000,238.104332,238.033712,0.050000
1.400000,238.100695,238.029575,0.050000
1.420000,238.096208,238.025842,0.050000
1.440000,238.096285,238.024782,0.050000
1.460000,238.092906,238.023095,0.050000
1.480000,238.098126,238.025800,0.050000
1.500000,238.094170,238.025553,0.050000
1.520000,238.107360,238.033285,0.050000
1.540000,238.099134,238.033037,0.050000
1.560000,238.125977,238.048242,0.050000
1.580000,238.105705,238.044858,0.050000
1.600000,238.157684,238.072380,0.050000
1.620000,238.109367,238.059314,0.050000
1.640000,238.209609,238.108823,0.050000
1.660000,238.100836,238.072728,0.050000
1.680000,238.295685,238.163521,0.050000
1.700000,238.061586,238.077605,0.050000
1.720000,238.443348,238.248054,0.050000
1.740000,237.955431,238.059214,0.050000
1.760000,238.706991,238.385349,0.050000
1.780000,237.713406,237.989575,0.050000
1.800000,239.195755,238.621721,0.050000
1.820000,237.208951,237.818146,0.050000
1.840000,240.133624,239.053832,0.050000
1.860000,236.226945,237.462564,0.050000
1.880000,241.997245,239.893949,0.050000
1.900000,234.470007,236.824012,0.050000
1.920000,245.842878,241.638759,0.050000
1.940000,231.828884,235.943405,0.050000
1.960000,253.994848,245.499551,0.050000
1.980000,229.805626,235.751790,0.050000
2.000000,270.394908,254.181226,0.050000
2.020000,235.583207,240.508227,0.050000
2.040000,294.478483,270.882989,0.050000
2.060000,259.192519,259.030155,0.050000
2.080000,312.890053,291.580965,0.050000
2.100000,288.955444,286.999751,0.050000
2.120000,324.023163,309.921400,0.050000
2.140000,311.477089,309.968569,0.050000
2.160000,332.867680,324.575875,0.050000
2.180000,327.112904,326.355529,0.050000
2.200000,340.571953,335.878503,0.050000
2.220000,338.385388,338.115401,0.050000
2.240000,347.289067,344.641768,0.050000
2.260000,346.938766,346.892886,0.050000
2.280000,353.120281,351.601418,0.050000
2.300000,353.704753,353.727212,0.050000
2.320000,358.188768,357.286573,0.050000
2.340000,359.230010,359.248862,0.050000
2.360000,362.615684,362.050816,0.050000
2.380000,363.855509,363.845509,0.050000
2.400000,366.506983,366.127788,0.050000
2.420000,367.805354,367.762832,0.050000
2.440000,369.950705,369.674594,0.050000
2.460000,371.232872,371.162282,0.050000
2.480000,373.018506,372.800134,0.050000
2.500000,374.246359,374.154065,0.050000
2.520000,375.768355,375.582550,0.050000
2.540000,376.924416,376.816245,0.050000
2.560000,378.247215,378.079828,0.050000
2.580000,379.325518,379.206058,0.050000
2.600000,380.493332,380.336313,0.050000
2.620000,381.494176,381.366779,0.050000
2.640000,382.538086,382.386802,0.050000
2.660000,383.465010,383.332025,0.050000
2.680000,384.407434,384.259193,0.050000
2.700000,385.265487,385.128522,0.050000
2.720000,386.123030,385.976262,0.050000
2.740000,386.917799,386.777939,0.050000
2.760000,387.703094,387.556881,0.050000
2.780000,388.440173,388.298148,0.050000
2.800000,389.163080,389.016890,0.050000
2.820000,389.847797,389.704099,0.050000
2.840000,390.516201,390.369729,0.050000
2.860000,391.153490,391.008455,0.050000
2.880000,391.773834,391.626911,0.050000
2.900000,392.368196,392.222055,0.050000
2.920000,392.945844,392.798385,0.050000
2.940000,393.501345,393.354262,0.050000
2.960000,394.040838,393.892805,0.050000
2.980000,394.561136,394.413229,0.050000
3.000000,395.066371,394.917753,0.050000
3.020000,395.554749,395.406107,0.050000
3.040000,396.029107,395.879912,0.050000
3.060000,396.488511,396.339202,0.050000
3.080000,396.934955,396.785199,0.050000
3.100000,397.368030,397.218108,0.050000
3.120000,397.789177,397.638881,0.050000
3.140000,398.198303,398.047812,0.050000
3.160000,398.596479,398.445664,0.050000
3.180000,398.983797,398.832775,0.050000
3.200000,399.361081,399.209771,0.050000
3.220000,399.728525,399.577004,0.050000
3.240000,400.086784,399.935001,0.050000
3.260000,400.436104,400.284110,0.050000
3.280000,400.777020,400.624786,0.050000
3.300000,401.109801,400.957360,0.050000
3.320000,401.434895,401.282229,0.050000
3.340000,401.752577,401.599710,0.050000
3.360000,402.063229,401.910151,0.050000
3.380000,402.367121,402.213848,0.050000
3.400000,402.664586,402.511113,0.050000
3.420000,402.955881,402.802219,0.050000
3.440000,403.241302,403.087450,0.050000
3.460000,403.521091,403.367056,0.050000
3.480000,403.795511,403.641294,0.050000
3.500000,404.064789,403.910396,0.050000
3.520000,404.329161,404.174594,0.050000
3.540000,404.588840,404.434102,0.050000
3.560000,404.844040,404.689133,0.050000
3.580000,405.094956,404.939885,0.050000
3.600000,405.341783,405.186549,0.050000
3.620000,405.584703,405.429309,0.050000
3.640000,405.823893,405.668342,0.050000
3.660000,406.059521,405.903814,0.050000
3.680000,406.291749,406.135890,0.050000
3.700000,406.520733,406.364723,0.050000
3.720000,406.746621,406.590462,0.050000
3.740000,406.969556,406.813251,0.050000
3.760000,407.189676,407.033226,0.050000
3.780000,407.407111,407.250518,0.050000
3.800000,407.621989,407.465254,0.050000
3.820000,407.834431,407.677556,0.050000
3.840000,408.044552,407.887539,0.050000
3.860000,408.252465,408.095315,0.050000
3.880000,408.458278,408.300992,0.050000
3.900000,408.662093,408.504673,0.050000
3.920000,408.864009,408.706456,0.050000
3.940000,409.064122,408.906437,0.050000
3.960000,409.262523,409.104708,0.050000
3.980000,409.459300,409.301355,0.050000
4.000000,409.654537,409.496463,0.050000
4.020000,409.848316,409.690114,0.050000
4.040000,410.040714,409.882385,0.050000
4.060000,410.231806,410.073351,0.050000
4.080000,410.421664,410.263084,0.050000
4.100000,410.610357,410.451653,0.050000
4.120000,410.797952,410.639124,0.050000
4.140000,410.984513,410.825561,0.050000
4.160000,411.170100,411.011026,0.050000
4.180000,411.354773,411.195577,0.050000
4.200000,411.538588,411.379271,0.050000
4.220000,411.721600,411.562161,0.050000
4.240000,411.903860,411.744301,0.050000
4.260000,412.085420,411.925741,0.050000
4.280000,412.266327,412.106528,0.050000
4.300000,412.446627,412.286708,0.050000
4.320000,412.626365,412.466327,0.050000
4.340000,412.805583,412.645427,0.050000
4.360000,412.984323,412.824048,0.050000
4.380000,413.162624,413.002231,0.050000
4.400000,413.340523,413.180012,0.050000
4.420000,413.518057,413.357428,0.050000
4.440000,413.695260,413.534513,0.050000
4.460000,413.872166,413.711302,0.050000
4.480000,414.048807,413.887825,0.050000
4.500000,414.225213,414.064114,0.050000
4.520000,414.401414,414.240197,0.050000
4.540000,414.577438,414.416104,0.050000
4.560000,414.753311,414.591860,0.050000
4.580000,414.929061,414.767492,0.050000
4.600000,415.104710,414.943025,0.050000
4.620000,415.280284,415.118481,0.050000
4.640000,415.455805,415.293885,0.050000
4.660000,415.631294,415.469256,0.050000
4.680000,415.806772,415.644617,0.050000
4.700000,415.982260,415.819987,0.050000
4.720000,416.157775,415.995385,0.050000
4.740000,416.333337,416.170829,0.050000
4.760000,416.508962,416.346336,0.050000
4.780000,416.684667,416.521923,0.050000
4.800000,416.860467,416.697606,0.050000
4.820000,417.036378,416.873399,0.050000
4.840000,417.212415,417.049316,0.050000
4.860000,417.388589,417.225373,0.050000
4.880000,417.564916,417.401580,0.050000
4.900000,417.741406,417.577951,0.050000
4.920000,417.918071,417.754498,0.050000
4.940000,418.094924,417.931231,0.050000
4.960000,418.271973,418.108161,0.050000
4.980000,418.449230,418.285298,0.050000
5.000000,418.626704,418.462651,0.050000
5.020000,418.804403,418.640230,0.050000
5.040000,418.982336,418.818043,0.050000
5.060000,419.160512,418.996098,0.050000
5.080000,419.338937,419.174402,0.050000
5.100000,419.517619,419.352963,0.050000
5.120000,419.696564,419.531787,0.050000
5.140000,419.875779,419.710880,0.050000
5.160000,420.055270,419.890249,0.050000
5.180000,420.235041,420.069898,0.050000
5.200000,420.415099,420.249833,0.050000
5.220000,420.595448,420.430059,0.050000
5.240000,420.776092,420.610580,0.050000
5.260000,420.957036,420.791401,0.050000
5.280000,421.138283,420.972524,0.050000
5.300000,421.319837,421.153953,0.050000
5.320000,421.501700,421.335693,0.050000
5.340000,421.683876,421.517744,0.050000
5.360000,421.866368,421.700111,0.050000
5.380000,422.049178,421.882796,0.050000
5.400000,422.232307,422.065800,0.050000
5.420000,422.415759,422.249125,0.050000
5.440000,422.599533,422.432774,0.050000
5.460000,422.783633,422.616747,0.050000
5.480000,422.968058,422.801045,0.050000
5.500000,423.152811,422.985671,0.050000
5.520000,423.337891,423.170624,0.050000
5.540000,423.523300,423.355904,0.050000
5.560000,423.709037,423.541514,0.050000
5.580000,423.895103,423.727451,0.050000
5.600000,424.081498,423.913718,0.050000
5.620000,424.268222,424.100313,0.050000
5.640000,424.455274,424.287236,0.050000
5.660000,424.642655,424.474486,0.050000
5.680000,424.830363,424.662064,0.050000
5.700000,425.018397,424.849969,0.050000
5.720000,425.206758,425.038199,0.050000
5.740000,425.395443,425.226753,0.050000
5.760000,425.584452,425.415631,0.050000
5.780000,425.773783,425.604831,0.050000
5.800000,425.963436,425.794351,0.050000
5.820000,426.153408,425.984191,0.050000
5.840000,426.343698,426.174348,0.050000
5.860000,426.534304,426.364821,0.050000
5.880000,426.725224,426.555609,0.050000
5.900000,426.916457,426.746708,0.050000
5.920000,427.108001,426.938118,0.050000
5.940000,427.299852,427.129835,0.050000
5.960000,427.492010,427.321859,0.050000
5.980000,427.684472,427.514186,0.050000
6.000000,427.877235,427.706814,0.050000
6.020000,428.070298,427.899741,0.050000
6.040000,428.263657,428.092965,0.050000
6.060000,428.457310,428.286482,0.050000
6.080000,428.651255,428.480290,0.050000
6.100000,428.845488,428.674387,0.050000
6.120000,429.040007,428.868769,0.050000
6.140000,429.234810,429.063434,0.050000
6.160000,429.429892,429.258380,0.050000
6.180000,429.625252,429.453602,0.050000
6.200000,429.820887,429.649098,0.050000
6.220000,430.016792,429.844865,0.050000
6.240000,430.212966,430.040900,0.050000
6.260000,430.409405,430.237200,0.050000
6.280000,430.606106,430.433761,0.050000
6.300000,430.803065,430.630581,0.050000
6.320000,431.000280,430.827656,0.050000
6.340000,431.197747,431.024983,0.050000
6.360000,431.395462,431.222558,0.050000
6.380000,431.593424,431.420378,0.050000
6.400000,431.791627,431.618440,0.050000
6.420000,431.990069,431.816741,0.050000
6.440000,432.188746,432.015276,0.050000
6.460000,432.387654,432.214043,0.050000
6.480000,432.586791,432.413038,0.050000
6.500000,432.786153,432.612257,0.050000
6.520000,432.985735,432.811697,0.050000
6.540000,433.185536,433.011354,0.050000
6.560000,433.385550,433.211225,0.050000
6.580000,433.585774,433.411306,0.050000
6.600000,433.786205,433.611594,0.050000
6.620000,433.986840,433.812084,0.050000
6.640000,434.187673,434.012773,0.050000
6.660000,434.388703,434.213658,0.050000
6.680000,434.589924,434.414735,0.050000
6.700000,434.791334,434.616000,0.050000
6.720000,434.992929,434.817450,0.050000
6.740000,435.194705,435.019080,0.050000
6.760000,435.396658,435.220887,0.050000
6.780000,435.598785,435.422868,0.050000
6.800000,435.801081,435.625018,0.050000
6.820000,436.003544,435.827334,0.050000
6.840000,436.206169,436.029813,0.050000
6.860000,436.408952,436.232449,0.050000
6.880000,436.611891,436.435241,0.050000
6.900000,436.814981,436.638184,0.050000
6.920000,437.018219,436.841273,0.050000
6.940000,437.221600,437.044507,0.050000
6.960000,437.425121,437.247880,0.050000
6.980000,437.628779,437.451390,0.050000
7.000000,437.832570,437.655032,0.050000
7.020000,438.036489,437.858803,0.050000
7.040000,438.240534,438.062698,0.050000
7.060000,438.444700,438.266715,0.050000
7.080000,438.648984,438.470850,0.050000
7.100000,438.853382,438.675099,0.050000
7.120000,439.057891,438.879458,0.050000
7.140000,439.262507,439.083924,0.050000
7.160000,439.467226,439.288493,0.050000
7.180000,439.672044,439.493161,0.050000
7.200000,439.876959,439.697926,0.050000
7.220000,440.081966,439.902782,0.050000
7.240000,440.287062,440.107727,0.050000
7.260000,440.492243,440.312757,0.050000
7.280000,440.697505,440.517868,0.050000
7.300000,440.902846,440.723057,0.050000
7.320000,441.108261,440.928321,0.050000
7.340000,441.313747,441.133655,0.050000
7.360000,441.519300,441.339057,0.050000
7.380000,441.724918,441.544522,0.050000
7.400000,441.930596,441.750048,0.050000
7.420000,442.136331,441.955631,0.050000
7.440000,442.342120,442.161267,0.050000
7.460000,442.547959,442.366953,0.050000
7.480000,442.753844,442.572686,0.050000
7.500000,442.959773,442.778462,0.050000
7.520000,443.165742,442.984278,0.050000
7.540000,443.371748,443.190130,0.050000
7.560000,443.577787,443.396016,0.050000
7.580000,443.783855,443.601931,0.050000
7.600000,443.989951,443.807873,0.050000
7.620000,444.196070,444.013838,0.050000
7.640000,444.402209,444.219823,0.050000
7.660000,444.608365,444.425825,0.050000
7.680000,444.814535,444.631840,0.050000
7.700000,445.020715,444.837866,0.050000
7.720000,445.226903,445.043899,0.050000
7.740000,445.433095,445.249936,0.050000
7.760000,445.639287,445.455974,0.050000
7.780000,445.845478,445.662010,0.050000
7.800000,446.051664,445.868041,0.050000
7.820000,446.257841,446.074063,0.050000
7.840000,446.464007,446.280074,0.050000
7.860000,446.670159,446.486070,0.050000
7.880000,446.876293,446.692049,0.050000
7.900000,447.082407,446.898008,0.050000
7.920000,447.288498,447.103943,0.050000
7.940000,447.494563,447.309852,0.050000
7.960000,447.700598,447.515731,0.050000
7.980000,447.906602,447.721579,0.050000
8.000000,448.112570,447.927391,0.050000
8.020000,448.318501,448.133166,0.050000
8.040000,448.524391,448.338900,0.050000
8.060000,448.730238,448.544590,0.050000
8.080000,448.936039,448.750234,0.050000
8.100000,449.141790,448.955829,0.050000
8.120000,449.347490,449.161372,0.050000
8.140000,449.553135,449.366861,0.050000
8.160000,449.758723,449.572292,0.050000
8.180000,449.964251,449.777664,0.050000
8.200000,450.169717,449.982972,0.050000
8.220000,450.375117,450.188216,0.050000
8.240000,450.580450,450.393391,0.050000
8.260000,450.785712,450.598496,0.050000
8.280000,450.990901,450.803528,0.050000
8.300000,451.196015,451.008484,0.050000
8.320000,451.401050,451.213362,0.050000
8.340000,451.606005,451.418159,0.050000
8.360000,451.810876,451.622873,0.050000
8.380000,452.015662,451.827501,0.050000
8.400000,452.220359,452.032041,0.050000
8.420000,452.424966,452.236491,0.050000
8.440000,452.629480,452.440847,0.050000
8.460000,452.833899,452.645108,0.050000
8.480000,453.038220,452.849271,0.050000
8.500000,453.242440,453.053333,0.050000
8.520000,453.446558,453.257293,0.050000
8.540000,453.650571,453.461148,0.050000
8.560000,453.854477,453.664896,0.050000
8.580000,454.058273,453.868535,0.050000
8.600000,454.261958,454.072061,0.050000
8.620000,454.465528,454.275474,0.050000
8.640000,454.668983,454.478770,0.050000
8.660000,454.872319,454.681947,0.050000
8.680000,455.075534,454.885004,0.050000
8.700000,455.278626,455.087938,0.050000
8.720000,455.481593,455.290747,0.050000
8.740000,455.684433,455.493429,0.050000
8.760000,455.887144,455.695982,0.050000
8.780000,456.089724,455.898403,0.050000
8.800000,456.292170,456.100691,0.050000
8.820000,456.494480,456.302843,0.050000
8.840000,456.696653,456.504858,0.050000
8.860000,456.898687,456.706733,0.050000
8.880000,457.100579,456.908466,0.050000
8.900000,457.302327,457.110056,0.050000
8.920000,457.503929,457.311500,0.050000
8.940000,457.705384,457.512796,0.050000
8.960000,457.906690,457.713944,0.050000
8.980000,458.107844,457.914939,0.050000
9.000000,458.308845,458.115782,0.050000
9.020000,458.509691,458.316469,0.050000
9.040000,458.710379,458.516999,0.050000
9.060000,458.910909,458.717371,0.050000
9.080000,459.111278,458.917581,0.050000
9.100000,459.311485,459.117630,0.050000
9.120000,459.511527,459.317513,0.050000
9.140000,459.711403,459.517231,0.050000
9.160000,459.911112,459.716781,0.050000
9.180000,460.110650,459.916161,0.050000
9.200000,460.310018,460.115370,0.050000
9.220000,460.509212,460.314406,0.050000
9.240000,460.708231,460.513267,0.050000
9.260000,460.907075,460.711952,0.050000
9.280000,461.105740,460.910459,0.050000
9.300000,461.304225,461.108786,0.050000
9.320000,461.502529,461.306932,0.050000
9.340000,461.700650,461.504894,0.050000
9.360000,461.898586,461.702673,0.050000
9.380000,462.096337,461.900265,0.050000
9.400000,462.293899,462.097669,0.050000
9.420000,462.491272,462.294884,0.050000
9.440000,462.688455,462.491909,0.050000
9.460000,462.885445,462.688741,0.050000
9.480000,463.082241,462.885379,0.050000
9.500000,463.278842,463.081822,0.050000
9.520000,463.475247,463.278068,0.050000
9.540000,463.671453,463.474117,0.050000
9.560000,463.867459,463.669965,0.050000
9.580000,464.063264,463.865612,0.050000
9.600000,464.258867,464.061057,0.050000
9.620000,464.454266,464.256299,0.050000
9.640000,464.649460,464.451334,0.050000
9.660000,464.844446,464.646164,0.050000
9.680000,465.039225,464.840785,0.050000
9.700000,465.233795,465.035197,0.050000
9.720000,465.428154,465.229398,0.050000
9.740000,465.622301,465.423388,0.050000
9.760000,465.816234,465.617164,0.050000
9.780000,466.009953,465.810726,0.050000
9.800000,466.203456,466.004072,0.050000
9.820000,466.396743,466.197200,0.050000
9.840000,466.589810,466.390111,0.050000
9.860000,466.782659,466.582802,0.050000
9.880000,466.975286,466.775273,0.050000
9.900000,467.167692,466.967521,0.050000
9.920000,467.359874,467.159547,0.050000
9.940000,467.551832,467.351348,0.050000
9.960000,467.743565,467.542924,0.050000
9.980000,467.935071,467.734273,0.050000
10.000000,468.126349,467.925395,0.050000
10.020000,468.317399,468.116288,0.050000
10.040000,468.508218,468.306951,0.050000
10.060000,468.698807,468.497383,0.050000
10.080000,468.889163,468.687583,0.050000
10.100000,469.079286,468.877550,0.050000
10.120000,469.269175,469.067282,0.050000
10.140000,469.458829,469.256780,0.050000
10.160000,469.648246,469.446041,0.050000
10.180000,469.837426,469.635065,0.050000
10.200000,470.026368,469.823851,0.050000
10.220000,470.215070,470.012398,0.050000
10.240000,470.403532,470.200704,0.050000
10.260000,470.591753,470.388769,0.050000
10.280000,470.779732,470.576593,0.050000
10.300000,470.967468,470.764173,0.050000
10.320000,471.154959,470.951509,0.050000
10.340000,471.342206,471.138600,0.050000
10.360000,471.529207,471.325446,0.050000
10.380000,471.715961,471.512045,0.050000
10.400000,471.902467,471.698396,0.050000
10.420000,472.088725,471.884499,0.050000
10.440000,472.274733,472.070352,0.050000
10.460000,472.460491,472.255956,0.050000
10.480000,472.645998,472.441308,0.050000
10.500000,472.831254,472.626409,0.050000
10.520000,473.016256,472.811257,0.050000
10.540000,473.201005,472.995852,0.050000
10.560000,473.385500,473.180192,0.050000
10.580000,473.569740,473.364278,0.050000
10.600000,473.753724,473.548108,0.050000
10.620000,473.937451,473.731681,0.050000
10.640000,474.120921,473.914997,0.050000
10.660000,474.304133,474.098055,0.050000
10.680000,474.487086,474.280855,0.050000
10.700000,474.669779,474.463395,0.050000
10.720000,474.852212,474.645675,0.050000
10.740000,475.034385,474.827694,0.050000
10.760000,475.216295,475.009451,0.050000
10.780000,475.397944,475.190946,0.050000
10.800000,475.579329,475.372179,0.050000
10.820000,475.760451,475.553148,0.050000
10.840000,475.941309,475.733853,0.050000
10.860000,476.121901,475.914293,0.050000
10.880000,476.302228,476.094467,0.050000
10.900000,476.482289,476.274376,0.050000
10.920000,476.662084,476.454018,0.050000
10.940000,476.841611,476.633393,0.050000
10.960000,477.020869,476.812500,0.050000
10.980000,477.199860,476.991338,0.050000
11.000000,477.378581,477.169908,0.050000
11.020000,477.557033,477.348208,0.050000
11.040000,477.735214,477.526237,0.050000
11.060000,477.913125,477.703997,0.050000
11.080000,478.090764,477.881485,0.050000
11.100000,478.268132,478.058701,0.050000
11.120000,478.445227,478.235646,0.050000
11.140000,478.622050,478.412317,0.050000
11.160000,478.798599,478.588715,0.050000
11.180000,478.974874,478.764840,0.050000
11.200000,479.150875,478.940691,0.050000
11.220000,479.326601,479.116266,0.050000
11.240000,479.502052,479.291567,0.050000
11.260000,479.677228,479.466592,0.050000
11.280000,479.852127,479.641341,0.050000
11.300000,480.026749,479.815814,0.050000
11.320000,480.201095,479.990010,0.050000
11.340000,480.375163,480.163929,0.050000
11.360000,480.548953,480.337569,0.050000
11.380000,480.722465,480.510932,0.050000
11.400000,480.895699,480.684016,0.050000
11.420000,481.068653,480.856822,0.050000
11.440000,481.241328,481.029348,0.050000
11.460000,481.413723,481.201594,0.050000
11.480000,481.585838,481.373560,0.050000
11.500000,481.757672,481.545246,0.050000
11.520000,481.929226,481.716651,0.050000
11.540000,482.100498,481.887775,0.050000
11.560000,482.271489,482.058618,0.050000
11.580000,482.442198,482.229179,0.050000
11.600000,482.612624,482.399458,0.050000
11.620000,482.782768,482.569454,0.050000
11.640000,482.952630,482.739168,0.050000
11.660000,483.122208,482.908599,0.050000
11.680000,483.291502,483.077746,0.050000
11.700000,483.460513,483.246610,0.050000
11.720000,483.629240,483.415190,0.050000
11.740000,483.797682,483.583486,0.050000
11.760000,483.965840,483.751497,0.050000
11.780000,484.133714,483.919224,0.050000
11.800000,484.301302,484.086665,0.050000
11.820000,484.468604,484.253822,0.050000
11.840000,484.635622,484.420693,0.050000
11.860000,484.802353,484.587279,0.050000
11.880000,484.968798,484.753578,0.050000
11.900000,485.134957,484.919592,0.050000
11.920000,485.300830,485.085319,0.050000
11.940000,485.466416,485.250760,0.050000
11.960000,485.631715,485.415914,0.050000
11.980000,485.796727,485.580781,0.050000
12.000000,485.961452,485.745361,0.050000
12.020000,486.125889,485.909654,0.050000
12.040000,486.290039,486.073659,0.050000
12.060000,486.453901,486.237377,0.050000
12.080000,486.617475,486.400807,0.050000
12.100000,486.780760,486.563948,0.050000
12.120000,486.943758,486.726802,0.050000
12.140000,487.106467,486.889367,0.050000
12.160000,487.268887,487.051644,0.050000
12.180000,487.431019,487.213633,0.050000
12.200000,487.592862,487.375333,0.050000
12.220000,487.754416,487.536744,0.050000
12.240000,487.915681,487.697866,0.050000
12.260000,488.076656,487.858699,0.050000
12.280000,488.237343,488.019242,0.050000
12.300000,488.397740,488.179497,0.050000
12.320000,488.557847,488.339462,0.050000
12.340000,488.717665,488.499138,0.050000
12.360000,488.877193,488.658524,0.050000
12.380000,489.036431,488.817621,0.050000
12.400000,489.195379,488.976428,0.050000
12.420000,489.354038,489.134945,0.050000
12.440000,489.512406,489.293172,0.050000
12.460000,489.670484,489.451109,0.050000
12.480000,489.828273,489.608757,0.050000
12.500000,489.985771,489.766114,0.050000
12.520000,490.142978,489.923181,0.050000
12.540000,490.299896,490.079959,0.050000
12.560000,490.456523,490.236446,0.050000
12.580000,490.612860,490.392642,0.050000
12.600000,490.768906,490.548549,0.050000
12.620000,490.924662,490.704165,0.050000
12.640000,491.080128,490.859491,0.050000
12.660000,491.235303,491.014527,0.050000
12.680000,491.390187,491.169273,0.050000
12.700000,491.544781,491.323728,0.050000
12.720000,491.699085,491.477893,0.050000
12.740000,491.853098,491.631767,0.050000
12.760000,492.006821,491.785352,0.050000
12.780000,492.160253,491.938646,0.050000
12.800000,492.313395,492.091649,0.050000
12.820000,492.466246,492.244363,0.050000
12.840000,492.618807,492.396786,0.050000
12.860000,492.771078,492.548919,0.050000
12.880000,492.923058,492.700762,0.050000
12.900000,493.074748,492.852315,0.050000
12.920000,493.226147,493.003577,0.050000
12.940000,493.377257,493.154550,0.050000
12.960000,493.528076,493.305232,0.050000
12.980000,493.678605,493.455625,0.050000
13.000000,493.828844,493.605728,0.050000
13.020000,493.978792,493.755540,0.050000
13.040000,494.128451,493.905063,0.050000
13.060000,494.277820,494.054297,0.050000
13.080000,494.426899,494.203240,0.050000
13.100000,494.575689,494.351894,0.050000
13.120000,494.724188,494.500259,0.050000
13.140000,494.872399,494.648334,0.050000
13.160000,495.020319,494.796120,0.050000
13.180000,495.167950,494.943616,0.050000
13.200000,495.315292,495.090824,0.050000
13.220000,495.462344,495.237742,0.050000
13.240000,495.609108,495.384371,0.050000
13.260000,495.755582,495.530712,0.050000
13.280000,495.901767,495.676763,0.050000
13.300000,496.047664,495.822526,0.050000
13.320000,496.193271,495.968001,0.050000
13.340000,496.338590,496.113187,0.050000
13.360000,496.483621,496.258084,0.050000
13.380000,496.628363,496.402694,0.050000
13.400000,496.772817,496.547015,0.050000
13.420000,496.916983,496.691048,0.050000
13.440000,497.060861,496.834794,0.050000
13.460000,497.204451,496.978252,0.050000
13.480000,497.347753,497.121422,0.050000
13.500000,497.490767,497.264305,0.050000
13.520000,497.633494,497.406901,0.050000
13.540000,497.775934,497.549209,0.050000
13.560000,497.918086,497.691231,0.050000
13.580000,498.059952,497.832965,0.050000
13.600000,498.201531,497.974413,0.050000
13.620000,498.342822,498.115575,0.050000
13.640000,498.483828,498.256450,0.050000
13.660000,498.624547,498.397038,0.050000
13.680000,498.764979,498.537341,0.050000
13.700000,498.905126,498.677358,0.050000
13.720000,499.044987,498.817089,0.050000
13.740000,499.184562,498.956535,0.050000
13.760000,499.323851,499.095695,0.050000
13.780000,499.462855,499.234570,0.050000
13.800000,499.601574,499.373160,0.050000
13.820000,499.740008,499.511466,0.050000
13.840000,499.878157,499.649486,0.050000
13.860000,500.016021,499.787222,0.050000
13.880000,500.153601,499.924674,0.050000
13.900000,500.290897,500.061842,0.050000
13.920000,500.427908,500.198726,0.050000
13.940000,500.564636,500.335326,0.050000
13.960000,500.701080,500.471643,0.050000
13.980000,500.837240,500.607676,0.050000
14.000000,500.973117,500.743426,0.050000
14.020000,501.108711,500.878894,0.050000
14.040000,501.244022,501.014079,0.050000
14.060000,501.379051,501.148981,0.050000
14.080000,501.513797,501.283601,0.050000
14.100000,501.648261,501.417939,0.050000
14.120000,501.782443,501.551995,0.050000
14.140000,501.916343,501.685770,0.050000
14.160000,502.049961,501.819263,0.050000
14.180000,502.183298,501.952475,0.050000
14.200000,502.316354,502.085406,0.050000
14.220000,502.449129,502.218056,0.050000
14.240000,502.581623,502.350426,0.050000
14.260000,502.713837,502.482516,0.050000
14.280000,502.845771,502.614325,0.050000
14.300000,502.977425,502.745855,0.050000
14.320000,503.108798,502.877105,0.050000
14.340000,503.239893,503.008076,0.050000
14.360000,503.370708,503.138768,0.050000
14.380000,503.501244,503.269181,0.050000
14.400000,503.631501,503.399315,0.050000
14.420000,503.761480,503.529171,0.050000
14.440000,503.891180,503.658749,0.050000
14.460000,504.020603,503.788049,0.050000
14.480000,504.149747,503.917072,0.050000
14.500000,504.278614,504.045817,0.050000
14.520000,504.407204,504.174285,0.050000
14.540000,504.535517,504.302476,0.050000
14.560000,504.663553,504.430390,0.050000
14.580000,504.791312,504.558029,0.050000
14.600000,504.918795,504.685391,0.050000
14.620000,505.046002,504.812477,0.050000
14.640000,505.172933,504.939288,0.050000
14.660000,505.299589,505.065823,0.050000
14.680000,505.425970,505.192084,0.050000
14.700000,505.552075,505.318070,0.050000
14.720000,505.677906,505.443781,0.050000
14.740000,505.803463,505.569218,0.050000
14.760000,505.928745,505.694381,0.050000
14.780000,506.053754,505.819270,0.050000
14.800000,506.178489,505.943886,0.050000
14.820000,506.302950,506.068229,0.050000
14.840000,506.427139,506.192299,0.050000
14.860000,506.551055,506.316097,0.050000
14.880000,506.674698,506.439622,0.050000
14.900000,506.798069,506.562875,0.050000
14.920000,506.921168,506.685857,0.050000
14.940000,507.043996,506.808567,0.050000
14.960000,507.166552,506.931005,0.050000
14.980000,507.288837,507.053173,0.050000
15.000000,507.410851,507.175071,0.050000
15.020000,507.532595,507.296698,0.050000
15.040000,507.654069,507.418055,0.050000
15.060000,507.775273,507.539143,0.050000
15.080000,507.896207,507.659961,0.050000
15.100000,508.016872,507.780510,0.050000
15.120000,508.137267,507.900790,0.050000
15.140000,508.257394,508.020801,0.050000
15.160000,508.377253,508.140544,0.050000
15.180000,508.496843,508.260020,0.050000
15.200000,508.616166,508.379228,0.050000
15.220000,508.735221,508.498168,0.050000
15.240000,508.854009,508.616841,0.050000
15.260000,508.972530,508.735248,0.050000
15.280000,509.090784,508.853388,0.050000
15.300000,509.208772,508.971262,0.050000
15.320000,509.326494,509.088870,0.050000
15.340000,509.443950,509.206213,0.050000
15.360000,509.561141,509.323290,0.050000
15.380000,509.678066,509.440103,0.050000
15.400000,509.794727,509.556651,0.050000
15.420000,509.911124,509.672934,0.050000
15.440000,510.027256,509.788954,0.050000
15.460000,510.143124,509.904710,0.050000
15.480000,510.258729,510.020203,0.050000
15.500000,510.374070,510.135432,0.050000
15.520000,510.489149,510.250399,0.050000
15.540000,510.603965,510.365104,0.050000
15.560000,510.718518,510.479546,0.050000
15.580000,510.832810,510.593727,0.050000
15.600000,510.946840,510.707646,0.050000
15.620000,511.060608,510.821304,0.050000
15.640000,511.174116,510.934701,0.050000
15.660000,511.287363,511.047837,0.050000
15.680000,511.400349,511.160714,0.050000
15.700000,511.513076,511.273330,0.050000
15.720000,511.625542,511.385687,0.050000
15.740000,511.737750,511.497785,0.050000
15.760000,511.849698,511.609624,0.050000
15.780000,511.961387,511.721204,0.050000
15.800000,512.072818,511.832526,0.050000
15.820000,512.183990,511.943590,0.050000
15.840000,512.294905,512.054397,0.050000
15.860000,512.405563,512.164946,0.050000
15.880000,512.515963,512.275238,0.050000
15.900000,512.626106,512.385274,0.050000
15.920000,512.735993,512.495053,0.050000
15.940000,512.845624,512.604576,0.050000
15.960000,512.954999,512.713844,0.050000
15.980000,513.064118,512.822857,0.050000
16.000000,513.172983,512.931614,0.050000
16.020000,513.281592,513.040117,0.050000
16.040000,513.389947,513.148365,0.050000
16.060000,513.498047,513.256359,0.050000
16.080000,513.605894,513.364100,0.050000
16.100000,513.713487,513.471588,0.050000
16.120000,513.820827,513.578822,0.050000
16.140000,513.927914,513.685804,0.050000
16.160000,514.034749,513.792533,0.050000
16.180000,514.141331,513.899011,0.050000
16.200000,514.247662,514.005236,0.050000
16.220000,514.353741,514.111211,0.050000
16.240000,514.459569,514.216934,0.050000
16.260000,514.565146,514.322407,0.050000
16.280000,514.670472,514.427630,0.050000
16.300000,514.775549,514.532602,0.050000
16.320000,514.880375,514.637325,0.050000
16.340000,514.984952,514.741798,0.050000
16.360000,515.089280,514.846023,0.050000
16.380000,515.193359,514.949999,0.050000
16.400000,515.297189,515.053727,0.050000
16.420000,515.400771,515.157206,0.050000
16.440000,515.504106,515.260439,0.050000
16.460000,515.607193,515.363423,0.050000
16.480000,515.710033,515.466161,0.050000
16.500000,515.812626,515.568653,0.050000
16.520000,515.914973,515.670898,0.050000
16.540000,516.017073,515.772897,0.050000
16.560000,516.118928,515.874651,0.050000
16.580000,516.220537,515.976159,0.050000
16.600000,516.321901,516.077422,0.050000
16.620000,516.423021,516.178441,0.050000
16.640000,516.523896,516.279216,0.050000
16.660000,516.624527,516.379747,0.050000
16.680000,516.724914,516.480035,0.050000
16.700000,516.825058,516.580079,0.050000
16.720000,516.924959,516.679880,0.050000
16.740000,517.024618,516.779439,0.050000
16.760000,517.124033,516.878756,0.050000
16.780000,517.223207,516.977831,0.050000
16.800000,517.322140,517.076664,0.050000
16.820000,517.420831,517.175257,0.050000
16.840000,517.519281,517.273608,0.050000
16.860000,517.617490,517.371720,0.050000
16.880000,517.715459,517.469591,0.050000
16.900000,517.813188,517.567222,0.050000
16.920000,517.910678,517.664614,0.050000
16.940000,518.007928,517.761767,0.050000
16.960000,518.104940,517.858681,0.050000
16.980000,518.201712,517.955357,0.050000
17.000000,518.298247,518.051795,0.050000
17.020000,518.394544,518.147996,0.050000
17.040000,518.490603,518.243959,0.050000
17.060000,518.586425,518.339685,0.050000
17.080000,518.682011,518.435174,0.050000
17.100000,518.777360,518.530427,0.050000
17.120000,518.872472,518.625444,0.050000
17.140000,518.967349,518.720226,0.050000
17.160000,519.061991,518.814772,0.050000
17.180000,519.156397,518.909084,0.050000
17.200000,519.250569,519.003161,0.050000
17.220000,519.344506,519.097003,0.050000
17.240000,519.438209,519.190612,0.050000
17.260000,519.531679,519.283988,0.050000
17.280000,519.624915,519.377130,0.050000
17.300000,519.717918,519.470039,0.050000
17.320000,519.810689,519.562716,0.050000
17.340000,519.903227,519.655161,0.050000
17.360000,519.995533,519.747374,0.050000
17.380000,520.087608,519.839356,0.050000
17.400000,520.179451,519.931106,0.050000
17.420000,520.271063,520.022626,0.050000
17.440000,520.362445,520.113915,0.050000
17.460000,520.453597,520.204975,0.050000
17.480000,520.544518,520.295804,0.050000
17.500000,520.635210,520.386405,0.050000
17.520000,520.725673,520.476776,0.050000
17.540000,520.815907,520.566919,0.050000
17.560000,520.905913,520.656833,0.050000
17.580000,520.995690,520.746520,0.050000
17.600000,521.085240,520.835978,0.050000
17.620000,521.174562,520.925210,0.050000
17.640000,521.263657,521.014214,0.050000
17.660000,521.352525,521.102992,0.050000
17.680000,521.441167,521.191544,0.050000
17.700000,521.529583,521.279870,0.050000
17.720000,521.617772,521.367970,0.050000
17.740000,521.705737,521.455846,0.050000
17.760000,521.793477,521.543496,0.050000
17.780000,521.880991,521.630922,0.050000
17.800000,521.968282,521.718123,0.050000
17.820000,522.055348,521.805101,0.050000
17.840000,522.142191,521.891855,0.050000
17.860000,522.228810,521.978387,0.050000
17.880000,522.315207,522.064695,0.050000
17.900000,522.401381,522.150781,0.050000
17.920000,522.487332,522.236645,0.050000
17.940000,522.573062,522.322287,0.050000
17.960000,522.658570,522.407708,0.050000
17.980000,522.743857,522.492907,0.050000
18.000000,522.828922,522.577886,0.050000
18.020000,522.913768,522.662645,0.050000
18.040000,522.998393,522.747184,0.050000
18.060000,523.082798,522.831502,0.050000
18.080000,523.166984,522.915602,0.050000
18.100000,523.250950,522.999483,0.050000
18.120000,523.334698,523.083144,0.050000
18.140000,523.418227,523.166588,0.050000
18.160000,523.501538,523.249814,0.050000
18.180000,523.584631,523.332822,0.050000
18.200000,523.667506,523.415612,0.050000
18.220000,523.750165,523.498186,0.050000
18.240000,523.832606,523.580543,0.050000
18.260000,523.914832,523.662684,0.050000
18.280000,523.996841,523.744609,0.050000
18.300000,524.078634,523.826318,0.050000
18.320000,524.160212,523.907812,0.050000
18.340000,524.241575,523.989091,0.050000
18.360000,524.322723,524.070156,0.050000
18.380000,524.403656,524.151007,0.050000
18.400000,524.484376,524.231643,0.050000
18.420000,524.564882,524.312066,0.050000
18.440000,524.645174,524.392276,0.050000
18.460000,524.725254,524.472273,0.050000
18.480000,524.805120,524.552057,0.050000
18.500000,524.884775,524.631630,0.050000
18.520000,524.964217,524.710990,0.050000
18.540000,525.043447,524.790139,0.050000
18.560000,525.122467,524.869077,0.050000
18.580000,525.201275,524.947803,0.050000
18.600000,525.279872,525.026320,0.050000
18.620000,525.358259,525.104626,0.050000
18.640000,525.436436,525.182723,0.050000
18.660000,525.514404,525.260609,0.050000
18.680000,525.592162,525.338287,0.050000
18.700000,525.669711,525.415756,0.050000
18.720000,525.747052,525.493017,0.050000
18.740000,525.824184,525.570069,0.050000
18.760000,525.901108,525.646914,0.050000
18.780000,525.977824,525.723551,0.050000
18.800000,526.054333,525.799981,0.050000
18.820000,526.130636,525.876204,0.050000
18.840000,526.206731,525.952220,0.050000
18.860000,526.282620,526.028031,0.050000
18.880000,526.358304,526.103636,0.050000
18.900000,526.433781,526.179035,0.050000
18.920000,526.509053,526.254229,0.050000
18.940000,526.584120,526.329218,0.050000
18.960000,526.658983,526.404003,0.050000
18.980000,526.733641,526.478584,0.050000
19.000000,526.808096,526.552961,0.050000
19.020000,526.882346,526.627134,0.050000
19.040000,526.956393,526.701105,0.050000
19.060000,527.030238,526.774872,0.050000
19.080000,527.103879,526.848437,0.050000
19.100000,527.177318,526.921800,0.050000
19.120000,527.250556,526.994961,0.050000
19.140000,527.323591,527.067921,0.050000
19.160000,527.396425,527.140679,0.050000
19.180000,527.469059,527.213237,0.050000
19.200000,527.541491,527.285594,0.050000
19.220000,527.613723,527.357750,0.050000
19.240000,527.685755,527.429707,0.050000
19.260000,527.757588,527.501465,0.050000
19.280000,527.829221,527.573023,0.050000
19.300000,527.900654,527.644383,0.050000
19.320000,527.971890,527.715543,0.050000
19.340000,528.042926,527.786506,0.050000
19.360000,528.113765,527.857271,0.050000
19.380000,528.184406,527.927838,0.050000
19.400000,528.254850,527.998208,0.050000
19.420000,528.325096,528.068381,0.050000
19.440000,528.395146,528.138357,0.050000
19.460000,528.464999,528.208137,0.050000
19.480000,528.534656,528.277721,0.050000
19.500000,528.604117,528.347110,0.050000
19.520000,528.673383,528.416303,0.050000
19.540000,528.742453,528.485301,0.050000
19.560000,528.811329,528.554105,0.050000
19.580000,528.880010,528.622714,0.050000
19.600000,528.948497,528.691129,0.050000
19.620000,529.016790,528.759351,0.050000
19.640000,529.084890,528.827379,0.050000
19.660000,529.152796,528.895214,0.050000
19.680000,529.220509,528.962857,0.050000
19.700000,529.288030,529.030306,0.050000
19.720000,529.355359,529.097564,0.050000
19.740000,529.422495,529.164630,0.050000
19.760000,529.489440,529.231505,0.050000
19.780000,529.556194,529.298188,0.050000
19.800000,529.622756,529.364681,0.050000
19.820000,529.689128,529.430983,0.050000
19.840000,529.755310,529.497095,0.050000
19.860000,529.821301,529.563017,0.050000
19.880000,529.887103,529.628749,0.050000
19.900000,529.952715,529.694292,0.050000
19.920000,530.018138,529.759647,0.050000
19.940000,530.083372,529.824812,0.050000
19.960000,530.148418,529.889790,0.050000
19.980000,530.213276,529.954579,0.050000
20.000000,530.277946,530.019181,0.050000
20.020000,530.342428,530.083595,0.050000
20.040000,530.406723,530.147822,0.050000
20.060000,530.470831,530.211863,0.050000
20.080000,530.534752,530.275717,0.050000
20.100000,530.598488,530.339384,0.050000
20.120000,530.662037,530.402867,0.050000
20.140000,530.725400,530.466163,0.050000
20.160000,530.788578,530.529275,0.050000
20.180000,530.851571,530.592201,0.050000
20.200000,530.914380,530.654943,0.050000
20.220000,530.977004,530.717501,0.050000
20.240000,531.039443,530.779875,0.050000
20.260000,531.101699,530.842065,0.050000
20.280000,531.163772,530.904071,0.050000
20.300000,531.225661,530.965895,0.050000
20.320000,531.287367,531.027536,0.050000
20.340000,531.348891,531.088995,0.050000
20.360000,531.410233,531.150271,0.050000
20.380000,531.471392,531.211366,0.050000
20.400000,531.532370,531.272279,0.050000
20.420000,531.593166,531.333011,0.050000
20.440000,531.653781,531.393562,0.050000
20.460000,531.714216,531.453933,0.050000
20.480000,531.774470,531.514123,0.050000
20.500000,531.834544,531.574133,0.050000
20.520000,531.894438,531.633963,0.050000
20.540000,531.954153,531.693615,0.050000
20.560000,532.013688,531.753087,0.050000
20.580000,532.073044,531.812380,0.050000
20.600000,532.132222,531.871495,0.050000
20.620000,532.191221,531.930431,0.050000
20.640000,532.250043,531.989190,0.050000
20.660000,532.308686,532.047771,0.050000
20.680000,532.367152,532.106175,0.050000
20.700000,532.425441,532.164402,0.050000
20.720000,532.483553,532.222452,0.050000
20.740000,532.541489,532.280326,0.050000
20.760000,532.599248,532.338024,0.050000
20.780000,532.656831,532.395546,0.050000
20.800000,532.714239,532.452892,0.050000
20.820000,532.771471,532.510064,0.050000
20.840000,532.828528,532.567060,0.050000
20.860000,532.885410,532.623882,0.050000
20.880000,532.942118,532.680529,0.050000
20.900000,532.998652,532.737003,0.050000
20.920000,533.055012,532.793302,0.050000
20.940000,533.111198,532.849429,0.050000
20.960000,533.167211,532.905382,0.050000
20.980000,533.223051,532.961162,0.050000
21.000000,533.278718,533.016770,0.050000
21.020000,533.334213,533.072205,0.050000
21.040000,533.389535,533.127469,0.050000
21.060000,533.444686,533.182560,0.050000
21.080000,533.499665,533.237481,0.050000
21.100000,533.554473,533.292230,0.050000
21.120000,533.609110,533.346809,0.050000
21.140000,533.663576,533.401217,0.050000
21.160000,533.717872,533.455454,0.050000
21.180000,533.771998,533.509522,0.050000
21.200000,533.825954,533.563420,0.050000
21.220000,533.879740,533.617149,0.050000
21.240000,533.933357,533.670709,0.050000
21.260000,533.986805,533.724100,0.050000
21.280000,534.040085,533.777322,0.050000
21.300000,534.093196,533.830376,0.050000
21.320000,534.146139,533.883262,0.050000
21.340000,534.198914,533.935981,0.050000
21.360000,534.251521,533.988532,0.050000
21.380000,534.303961,534.040916,0.050000
21.400000,534.356235,534.093133,0.050000
21.420000,534.408341,534.145184,0.050000
21.440000,534.460282,534.197069,0.050000
21.460000,534.512056,534.248787,0.050000
21.480000,534.563664,534.300340,0.050000
21.500000,534.615107,534.351727,0.050000
21.520000,534.666384,534.402950,0.050000
21.540000,534.717497,534.454007,0.050000
21.560000,534.768444,534.504900,0.050000
21.580000,534.819227,534.555629,0.050000
21.600000,534.869847,534.606194,0.050000
21.620000,534.920302,534.656594,0.050000
21.640000,534.970593,534.706832,0.050000
21.660000,535.020722,534.756906,0.050000
21.680000,535.070687,534.806818,0.050000
21.700000,535.120489,534.856567,0.050000
21.720000,535.170129,534.906153,0.050000
21.740000,535.219607,534.955577,0.050000
21.760000,535.268923,535.004840,0.050000
21.780000,535.318077,535.053941,0.050000
21.800000,535.367069,535.102881,0.050000
21.820000,535.415901,535.151660,0.050000
21.840000,535.464572,535.200278,0.050000
21.860000,535.513082,535.248736,0.050000
21.880000,535.561432,535.297034,0.050000
21.900000,535.609621,535.345172,0.050000
21.920000,535.657651,535.393150,0.050000
21.940000,535.705522,535.440969,0.050000
21.960000,535.753233,535.488629,0.050000
21.980000,535.800786,535.536130,0.050000
22.000000,535.848179,535.583472,0.050000
22.020000,535.895415,535.630656,0.050000
22.040000,535.942492,535.677683,0.050000
22.060000,535.989411,535.724551,0.050000
22.080000,536.036173,535.771262,0.050000
22.100000,536.082777,535.817816,0.050000
22.120000,536.129224,535.864213,0.050000
22.140000,536.175515,535.910454,0.050000
22.160000,536.221649,535.956538,0.050000
22.180000,536.267626,536.002466,0.050000
22.200000,536.313448,536.048238,0.050000
22.220000,536.359114,536.093854,0.050000
22.240000,536.404624,536.139316,0.050000
22.260000,536.449980,536.184622,0.050000
22.280000,536.495180,536.229773,0.050000
22.300000,536.540226,536.274770,0.050000
22.320000,536.585117,536.319613,0.050000
22.340000,536.629854,536.364301,0.050000
22.360000,536.674437,536.408836,0.050000
22.380000,536.718867,536.453218,0.050000
22.400000,536.763143,536.497446,0.050000
22.420000,536.807266,536.541521,0.050000
22.440000,536.851236,536.585443,0.050000
22.460000,536.895054,536.629214,0.050000
22.480000,536.938719,536.672832,0.050000
22.500000,536.982232,536.716298,0.050000
22.520000,537.025594,536.759612,0.050000
22.540000,537.068804,536.802775,0.050000
22.560000,537.111862,536.845787,0.050000
22.580000,537.154770,536.888648,0.050000
22.600000,537.197527,536.931358,0.050000
22.620000,537.240133,536.973918,0.050000
22.640000,537.282589,537.016328,0.050000
22.660000,537.324895,537.058588,0.050000
22.680000,537.367051,537.100698,0.050000
22.700000,537.409058,537.142659,0.050000
22.720000,537.450915,537.184471,0.050000
22.740000,537.492624,537.226135,0.050000
22.760000,537.534184,537.267649,0.050000
22.780000,537.575595,537.309015,0.050000
22.800000,537.616858,537.350234,0.050000
22.820000,537.657973,537.391304,0.050000
22.840000,537.698940,537.432227,0.050000
22.860000,537.739760,537.473002,0.050000
22.880000,537.780433,537.513630,0.050000
22.900000,537.820959,537.554112,0.050000
22.920000,537.861338,537.594447,0.050000
22.940000,537.901570,537.634635,0.050000
22.960000,537.941656,537.674678,0.050000
22.980000,537.981596,537.714575,0.050000
23.000000,538.021391,537.754326,0.050000
23.020000,538.061040,537.793932,0.050000
23.040000,538.100544,537.833392,0.050000
23.060000,538.139903,537.872708,0.050000
23.080000,538.179117,537.911880,0.050000
23.100000,538.218186,537.950907,0.050000
23.120000,538.257112,537.989789,0.050000
23.140000,538.295893,538.028528,0.050000
23.160000,538.334531,538.067124,0.050000
23.180000,538.373025,538.105576,0.050000
23.200000,538.411376,538.143885,0.050000
23.220000,538.449583,538.182051,0.050000
23.240000,538.487648,538.220074,0.050000
23.260000,538.525571,538.257955,0.050000
23.280000,538.563351,538.295694,0.050000
23.300000,538.600989,538.333291,0.050000
23.320000,538.638485,538.370746,0.050000
23.340000,538.675840,538.408060,0.050000
23.360000,538.713053,538.445233,0.050000
23.380000,538.750126,538.482265,0.050000
23.400000,538.787057,538.519156,0.050000
23.420000,538.823848,538.555906,0.050000
23.440000,538.860498,538.592517,0.050000
23.460000,538.897009,538.628987,0.050000
23.480000,538.933379,538.665317,0.050000
23.500000,538.969610,538.701509,0.050000
23.520000,539.005701,538.737560,0.050000
23.540000,539.041653,538.773473,0.050000
23.560000,539.077467,538.809247,0.050000
23.580000,539.113141,538.844883,0.050000
23.600000,539.148677,538.880380,0.050000
23.620000,539.184075,538.915739,0.050000
23.640000,539.219335,538.950960,0.050000
23.660000,539.254457,538.986043,0.050000
23.680000,539.289441,539.020989,0.050000
23.700000,539.324288,539.055798,0.050000
23.720000,539.358998,539.090470,0.050000
23.740000,539.393571,539.125005,0.050000
23.760000,539.428008,539.159404,0.050000
23.780000,539.462308,539.193667,0.050000
23.800000,539.496472,539.227793,0.050000
23.820000,539.530501,539.261784,0.050000
23.840000,539.564393,539.295639,0.050000
23.860000,539.598150,539.329359,0.050000
23.880000,539.631772,539.362944,0.050000
23.900000,539.665259,539.396394,0.050000
23.920000,539.698611,539.429710,0.050000
23.940000,539.731828,539.462891,0.050000
23.960000,539.764912,539.495938,0.050000
23.980000,539.797861,539.528850,0.050000
24.000000,539.830676,539.561630,0.050000
24.020000,539.863358,539.594275,0.050000
24.040000,539.895906,539.626788,0.050000
24.060000,539.928321,539.659167,0.050000
24.080000,539.960603,539.691414,0.050000
24.100000,539.992752,539.723528,0.050000
24.120000,540.024769,539.755509,0.050000
24.140000,540.056654,539.787359,0.050000
24.160000,540.088406,539.819076,0.050000
24.180000,540.120027,539.850662,0.050000
24.200000,540.151516,539.882117,0.050000
24.220000,540.182874,539.913440,0.050000
24.240000,540.214100,539.944632,0.050000
24.260000,540.245196,539.975693,0.050000
24.280000,540.276161,540.006624,0.050000
24.300000,540.306995,540.037425,0.050000
24.320000,540.337700,540.068095,0.050000
24.340000,540.368274,540.098635,0.050000
24.360000,540.398718,540.129046,0.050000
24.380000,540.429032,540.159327,0.050000
24.400000,540.459218,540.189479,0.050000
24.420000,540.489274,540.219502,0.050000
24.440000,540.519201,540.249396,0.050000
24.460000,540.548999,540.279161,0.050000
24.480000,540.578669,540.308799,0.050000
24.500000,540.608210,540.338307,0.050000
24.520000,540.637624,540.367688,0.050000
24.540000,540.666909,540.396941,0.050000
24.560000,540.696067,540.426067,0.050000
24.580000,540.725098,540.455065,0.050000
24.600000,540.754001,540.483937,0.050000
24.620000,540.782777,540.512681,0.050000
24.640000,540.811426,540.541299,0.050000
24.660000,540.839949,540.569790,0.050000
24.680000,540.868345,540.598155,0.050000
24.700000,540.896615,540.626394,0.050000
24.720000,540.924760,540.654507,0.050000
24.740000,540.952778,540.682494,0.050000
24.760000,540.980671,540.710357,0.050000
24.780000,541.008439,540.738093,0.050000
24.800000,541.036081,540.765705,0.050000
24.820000,541.063599,540.793193,0.050000
24.840000,541.090992,540.820555,0.050000
24.860000,541.118260,540.847794,0.050000
24.880000,541.145405,540.874908,0.050000
24.900000,541.172425,540.901898,0.050000
24.920000,541.199321,540.928764,0.050000
24.940000,541.226094,540.955507,0.050000
24.960000,541.252743,540.982127,0.050000
24.980000,541.279269,541.008624,0.050000
25.000000,541.305672,541.034997,0.050000
25.020000,541.331952,541.061248,0.050000
25.040000,541.358109,541.087377,0.050000
25.060000,541.384144,541.113383,0.050000
25.080000,541.410057,541.139267,0.050000
25.100000,541.435848,541.165029,0.050000
25.120000,541.461517,541.190670,0.050000
25.140000,541.487064,541.216189,0.050000
25.160000,541.512491,541.241587,0.050000
25.180000,541.537795,541.266864,0.050000
25.200000,541.562979,541.292020,0.050000
25.220000,541.588042,541.317055,0.050000
25.240000,541.612985,541.341970,0.050000
25.260000,541.637807,541.366764,0.050000
25.280000,541.662509,541.391439,0.050000
25.300000,541.687091,541.415994,0.050000
25.320000,541.711553,541.440429,0.050000
25.340000,541.735896,541.464744,0.050000
25.360000,541.760119,541.488941,0.050000
25.380000,541.784223,541.513018,0.050000
25.400000,541.808208,541.536976,0.050000
25.420000,541.832075,541.560816,0.050000
25.440000,541.855822,541.584537,0.050000
25.460000,541.879451,541.608140,0.050000
25.480000,541.902963,541.631625,0.050000
25.500000,541.926356,541.654992,0.050000
25.520000,541.949631,541.678242,0.050000
25.540000,541.972789,541.701374,0.050000
25.560000,541.995829,541.724388,0.050000
25.580000,542.018752,541.747286,0.050000
25.600000,542.041558,541.770067,0.050000
25.620000,542.064247,541.792731,0.050000
25.640000,542.086820,541.815278,0.050000
25.660000,542.109276,541.837709,0.050000
25.680000,542.131616,541.860024,0.050000
25.700000,542.153839,541.882223,0.050000
25.720000,542.175947,541.904306,0.050000
25.740000,542.197940,541.926274,0.050000
25.760000,542.219816,541.948127,0.050000
25.780000,542.241578,541.969864,0.050000
25.800000,542.263224,541.991486,0.050000
25.820000,542.284755,542.012993,0.050000
25.840000,542.306172,542.034386,0.050000
25.860000,542.327474,542.055665,0.050000
25.880000,542.348662,542.076829,0.050000
25.900000,542.369736,542.097879,0.050000
25.920000,542.390695,542.118815,0.050000
25.940000,542.411541,542.139638,0.050000
25.960000,542.432273,542.160347,0.050000
25.980000,542.452892,542.180943,0.050000
26.000000,542.473398,542.201425,0.050000
26.020000,542.493790,542.221795,0.050000
26.040000,542.514070,542.242052,0.050000
26.060000,542.534237,542.262197,0.050000
26.080000,542.554291,542.282229,0.050000
26.100000,542.574233,542.302149,0.050000
26.120000,542.594064,542.321957,0.050000
26.140000,542.613782,542.341653,0.050000
26.160000,542.633388,542.361237,0.050000
26.180000,542.652883,542.380710,0.050000
26.200000,542.672266,542.400072,0.050000
26.220000,542.691538,542.419322,0.050000
26.240000,542.710699,542.438462,0.050000
26.260000,542.729750,542.457491,0.050000
26.280000,542.748689,542.476410,0.050000
26.300000,542.767518,542.495218,0.050000
26.320000,542.786237,542.513915,0.050000
26.340000,542.804846,542.532503,0.050000
26.360000,542.823344,542.550981,0.050000
26.380000,542.841733,542.569350,0.050000
26.400000,542.860013,542.587608,0.050000
26.420000,542.878183,542.605758,0.050000
26.440000,542.896243,542.623798,0.050000
26.460000,542.914195,542.641730,0.050000
26.480000,542.932037,542.659553,0.050000
26.500000,542.949771,542.677267,0.050000
26.520000,542.967397,542.694872,0.050000
26.540000,542.984914,542.712370,0.050000
26.560000,543.002323,542.729759,0.050000
26.580000,543.019623,542.747041,0.050000
26.600000,543.036816,542.764214,0.050000
26.620000,543.053902,542.781280,0.050000
26.640000,543.070879,542.798239,0.050000
26.660000,543.087750,542.815091,0.050000
26.680000,543.104513,542.831835,0.050000
26.700000,543.121170,542.848473,0.050000
26.720000,543.137719,542.865004,0.050000
26.740000,543.154162,542.881428,0.050000
26.760000,543.170498,542.897746,0.050000
26.780000,543.186728,542.913958,0.050000
26.800000,543.202852,542.930064,0.050000
26.820000,543.218870,542.946064,0.050000
26.840000,543.234783,542.961959,0.050000
26.860000,543.250589,542.977747,0.050000
26.880000,543.266290,542.993431,0.050000
26.900000,543.281886,543.009009,0.050000
26.920000,543.297377,543.024483,0.050000
26.940000,543.312763,543.039851,0.050000
26.960000,543.328044,543.055115,0.050000
26.980000,543.343220,543.070274,0.050000
27.000000,543.358292,543.085329,0.050000
27.020000,543.373259,543.100280,0.050000
27.040000,543.388123,543.115127,0.050000
27.060000,543.402882,543.129870,0.050000
27.080000,543.417538,543.144509,0.050000
27.100000,543.432090,543.159045,0.050000
27.120000,543.446539,543.173477,0.050000
27.140000,543.460884,543.187806,0.050000
27.160000,543.475126,543.202033,0.050000
27.180000,543.489266,543.216156,0.050000
27.200000,543.503302,543.230177,0.050000
27.220000,543.517236,543.244095,0.050000
27.240000,543.531067,543.257910,0.050000
27.260000,543.544796,543.271624,0.050000
27.280000,543.558423,543.285235,0.050000
27.300000,543.571948,543.298745,0.050000
27.320000,543.585370,543.312152,0.050000
27.340000,543.598692,543.325459,0.050000
27.360000,543.611911,543.338663,0.050000
27.380000,543.625030,543.351767,0.050000
27.400000,543.638047,543.364769,0.050000
27.420000,543.650963,543.377671,0.050000
27.440000,543.663778,543.390472,0.050000
27.460000,543.676492,543.403172,0.050000
27.480000,543.689106,543.415771,0.050000
27.500000,543.701619,543.428270,0.050000
27.520000,543.714033,543.440670,0.050000
27.540000,543.726346,543.452969,0.050000
27.560000,543.738559,543.465168,0.050000
27.580000,543.750672,543.477268,0.050000
27.600000,543.762685,543.489268,0.050000
27.620000,543.774599,543.501168,0.050000
27.640000,543.786414,543.512970,0.050000
27.660000,543.798130,543.524672,0.050000
27.680000,543.809746,543.536275,0.050000
27.700000,543.821264,543.547780,0.050000
27.720000,543.832683,543.559186,0.050000
27.740000,543.844003,543.570494,0.050000
27.760000,543.855225,543.581703,0.050000
27.780000,543.866349,543.592814,0.050000
27.800000,543.877375,543.603827,0.050000
27.820000,543.888302,543.614742,0.050000
27.840000,543.899132,543.625560,0.050000
27.860000,543.909864,543.636280,0.050000
27.880000,543.920499,543.646903,0.050000
27.900000,543.931036,543.657428,0.050000
27.920000,543.941476,543.667856,0.050000
27.940000,543.951819,543.678187,0.050000
27.960000,543.962065,543.688422,0.050000
27.980000,543.972214,543.698560,0.050000
28.000000,543.982267,543.708601,0.050000
28.020000,543.992223,543.718546,0.050000
28.040000,544.002083,543.728395,0.050000
28.060000,544.011847,543.738147,0.050000
28.080000,544.021514,543.747804,0.050000
28.100000,544.031086,543.757365,0.050000
28.120000,544.040562,543.766830,0.050000
28.140000,544.049943,543.776200,0.050000
28.160000,544.059228,543.785474,0.050000
28.180000,544.068417,543.794654,0.050000
28.200000,544.077512,543.803738,0.050000
28.220000,544.086512,543.812727,0.050000
28.240000,544.095416,543.821622,0.050000
28.260000,544.104226,543.830422,0.050000
28.280000,544.112942,543.839127,0.050000
28.300000,544.121563,543.847739,0.050000
28.320000,544.130089,543.856256,0.050000
28.340000,544.138522,543.864679,0.050000
28.360000,544.146860,543.873008,0.050000
28.380000,544.155105,543.881243,0.050000
28.400000,544.163256,543.889385,0.050000
28.420000,544.171314,543.897433,0.050000
28.440000,544.179277,543.905388,0.050000
28.460000,544.187148,543.913250,0.050000
28.480000,544.194926,543.921018,0.050000
28.500000,544.202610,543.928694,0.050000
28.520000,544.210202,543.936277,0.050000
28.540000,544.217701,543.943767,0.050000
28.560000,544.225107,543.951165,0.050000
28.580000,544.232421,543.958471,0.050000
28.600000,544.239642,543.965684,0.050000
28.620000,544.246772,543.972805,0.050000
28.640000,544.253809,543.979834,0.050000
28.660000,544.260755,543.986772,0.050000
28.680000,544.267608,543.993618,0.050000
28.700000,544.274370,544.000372,0.050000
28.720000,544.281041,544.007035,0.050000
28.740000,544.287620,544.013607,0.050000
28.760000,544.294108,544.020087,0.050000
28.780000,544.300505,544.026477,0.050000
28.800000,544.306811,544.032776,0.050000
28.820000,544.313026,544.038984,0.050000
28.840000,544.319151,544.045102,0.050000
28.860000,544.325185,544.051129,0.050000
28.880000,544.331129,544.057066,0.050000
28.900000,544.336982,544.062912,0.050000
28.920000,544.342745,544.068669,0.050000
28.940000,544.348419,544.074336,0.050000
28.960000,544.354002,544.079913,0.050000
28.980000,544.359496,544.085400,0.050000
29.000000,544.364900,544.090798,0.050000
29.020000,544.370215,544.096107,0.050000
29.040000,544.375440,544.101326,0.050000
29.060000,544.380576,544.106456,0.050000
29.080000,544.385624,544.111498,0.050000
29.100000,544.390582,544.116450,0.050000
29.120000,544.395451,544.121314,0.050000
29.140000,544.400232,544.126089,0.050000
29.160000,544.404924,544.130776,0.050000
29.180000,544.409528,544.135375,0.050000
29.200000,544.414044,544.139885,0.050000
29.220000,544.418471,544.144307,0.050000
29.240000,544.422811,544.148642,0.050000
29.260000,544.427063,544.152889,0.050000
29.280000,544.431226,544.157048,0.050000
29.300000,544.435303,544.161119,0.050000
29.320000,544.439292,544.165104,0.050000
29.340000,544.443193,544.169000,0.050000
29.360000,544.447007,544.172810,0.050000
29.380000,544.450735,544.176533,0.050000
29.400000,544.454375,544.180169,0.050000
29.420000,544.457928,544.183718,0.050000
29.440000,544.461395,544.187181,0.050000
29.460000,544.464775,544.190557,0.050000
29.480000,544.468069,544.193847,0.050000
29.500000,544.471276,544.197051,0.050000
29.520000,544.474398,544.200168,0.050000
29.540000,544.477433,544.203200,0.050000
29.560000,544.480382,544.206146,0.050000
29.580000,544.483245,544.209006,0.050000
29.600000,544.486023,544.211780,0.050000
29.620000,544.488715,544.214469,0.050000
29.640000,544.491322,544.217073,0.050000
29.660000,544.493844,544.219592,0.050000
29.680000,544.496280,544.222025,0.050000
29.700000,544.498631,544.224374,0.050000
29.720000,544.500898,544.226637,0.050000
29.740000,544.503079,544.228816,0.050000
29.760000,544.505176,544.230911,0.050000
29.780000,544.507189,544.232921,0.050000
29.800000,544.509117,544.234846,0.050000
29.820000,544.510961,544.236688,0.050000
29.840000,544.512720,544.238445,0.050000
29.860000,544.514396,544.240118,0.050000
29.880000,544.515987,544.241708,0.050000
29.900000,544.517495,544.243214,0.050000
29.920000,544.518919,544.244636,0.050000
29.940000,544.520260,544.245975,0.050000
29.960000,544.521517,544.247231,0.050000
29.980000,544.522691,544.248403,0.050000
30.000000,544.523781,544.249492,0.050000
30.020000,544.524789,544.250499,0.050000
30.040000,544.525714,544.251422,0.050000
30.060000,544.526556,544.252263,0.050000
30.080000,544.527315,544.253021,0.050000
30.100000,544.527991,544.253697,0.050000
30.120000,544.528586,544.254290,0.050000
30.140000,544.529097,544.254801,0.050000
30.160000,544.529527,544.255230,0.050000
30.180000,544.529875,544.255577,0.050000
30.200000,544.530140,544.255842,0.050000
30.220000,544.530324,544.256026,0.050000
30.240000,544.530426,544.256128,0.050000
30.260000,544.530447,544.256148,0.050000
30.280000,544.530386,544.256087,0.050000
30.300000,544.530244,544.255945,0.050000
30.320000,544.530020,544.255721,0.050000
30.340000,544.529716,544.255417,0.050000
30.360000,544.529330,544.255031,0.050000
30.380000,544.528863,544.254565,0.050000
30.400000,544.528316,544.254018,0.050000
30.420000,544.527688,544.253391,0.050000
30.440000,544.526980,544.252683,0.050000
30.460000,544.526191,544.251895,0.050000
30.480000,544.525322,544.251027,0.050000
30.500000,544.524373,544.250078,0.050000
30.520000,544.523344,544.249050,0.050000
30.540000,544.522235,544.247942,0.050000
30.560000,544.521046,544.246754,0.050000
30.580000,544.519777,544.245487,0.050000
30.600000,544.518429,544.244140,0.050000
30.620000,544.517001,544.242714,0.050000
30.640000,544.515494,544.241208,0.050000
30.660000,544.513908,544.239624,0.050000
30.680000,544.512243,544.237960,0.050000
30.700000,544.510499,544.236218,0.050000
30.720000,544.508676,544.234396,0.050000
30.740000,544.506774,544.232496,0.050000
30.760000,544.504793,544.230518,0.050000
30.780000,544.502734,544.228461,0.050000
30.800000,544.500597,544.226326,0.050000
30.820000,544.498381,544.224113,0.050000
30.840000,544.496088,544.221821,0.050000
30.860000,544.493716,544.219452,0.050000
30.880000,544.491266,544.217005,0.050000
30.900000,544.488738,544.214480,0.050000
30.920000,544.486133,544.211877,0.050000
30.940000,544.483450,544.209197,0.050000
30.960000,544.480690,544.206440,0.050000
30.980000,544.477852,544.203605,0.050000
31.000000,544.474938,544.200693,0.050000
31.020000,544.471946,544.197704,0.050000
31.040000,544.468877,544.194639,0.050000
31.060000,544.465731,544.191496,0.050000
31.080000,544.462508,544.188277,0.050000
31.100000,544.459209,544.184981,0.050000
31.120000,544.455833,544.181609,0.050000
31.140000,544.452381,544.178160,0.050000
31.160000,544.448852,544.174635,0.050000
31.180000,544.445247,544.171034,0.050000
31.200000,544.441566,544.167357,0.050000
31.220000,544.437809,544.163604,0.050000
31.240000,544.433977,544.159776,0.050000
31.260000,544.430068,544.155871,0.050000
31.280000,544.426084,544.151892,0.050000
31.300000,544.422024,544.147836,0.050000
31.320000,544.417889,544.143706,0.050000
31.340000,544.413679,544.139500,0.050000
31.360000,544.409394,544.135219,0.050000
31.380000,544.405033,544.130863,0.050000
31.400000,544.400597,544.126432,0.050000
31.420000,544.396087,544.121927,0.050000
31.440000,544.391502,544.117346,0.050000
31.460000,544.386842,544.112692,0.050000
31.480000,544.382108,544.107963,0.050000
31.500000,544.377299,544.103159,0.050000
31.520000,544.372416,544.098281,0.050000
31.540000,544.367459,544.093330,0.050000
31.560000,544.362428,544.088304,0.050000
31.580000,544.357323,544.083204,0.050000
31.600000,544.352144,544.078031,0.050000
31.620000,544.346891,544.072784,0.050000
31.640000,544.341565,544.067463,0.050000
31.660000,544.336165,544.062069,0.050000
31.680000,544.330692,544.056602,0.050000
31.700000,544.325146,544.051062,0.050000
31.720000,544.319526,544.045448,0.050000
31.740000,544.313833,544.039761,0.050000
31.760000,544.308068,544.034002,0.050000
31.780000,544.302229,544.028170,0.050000
31.800000,544.296318,544.022265,0.050000
31.820000,544.290334,544.016288,0.050000
31.840000,544.284278,544.010238,0.050000
31.860000,544.278149,544.004116,0.050000
31.880000,544.271948,543.997921,0.050000
31.900000,544.265675,543.991655,0.050000
31.920000,544.259329,543.985317,0.050000
31.940000,544.252912,543.978906,0.050000
31.960000,544.246423,543.972424,0.050000
31.980000,544.239862,543.965871,0.050000
32.000000,544.233230,543.959245,0.050000
32.020000,544.226526,543.952549,0.050000
32.040000,544.219750,543.945781,0.050000
32.060000,544.212904,543.938941,0.050000
32.080000,544.205986,543.932031,0.050000
32.100000,544.198997,543.925050,0.050000
32.120000,544.191937,543.917997,0.050000
32.140000,544.184806,543.910874,0.050000
32.160000,544.177604,543.903680,0.050000
32.180000,544.170332,543.896416,0.050000
32.200000,544.162989,543.889081,0.050000
32.220000,544.155576,543.881676,0.050000
32.240000,544.148093,543.874201,0.050000
32.260000,544.140539,543.866655,0.050000
32.280000,544.132915,543.859039,0.050000
32.300000,544.125221,543.851354,0.050000
32.320000,544.117457,543.843599,0.050000
32.340000,544.109623,543.835773,0.050000
32.360000,544.101720,543.827879,0.050000
32.380000,544.093747,543.819915,0.050000
32.400000,544.085705,543.811881,0.050000
32.420000,544.077593,543.803778,0.050000
32.440000,544.069412,543.795606,0.050000
32.460000,544.061162,543.787365,0.050000
32.480000,544.052843,543.779055,0.050000
32.500000,544.044455,543.770676,0.050000
32.520000,544.035998,543.762228,0.050000
32.540000,544.027473,543.753712,0.050000
32.560000,544.018878,543.745127,0.050000
32.580000,544.010216,543.736474,0.050000
32.600000,544.001485,543.727752,0.050000
32.620000,543.992685,543.718963,0.050000
32.640000,543.983818,543.710105,0.050000
32.660000,543.974882,543.701179,0.050000
32.680000,543.965878,543.692185,0.050000
32.700000,543.956807,543.683123,0.050000
32.720000,543.947667,543.673994,0.050000
32.740000,543.938460,543.664797,0.050000
32.760000,543.929186,543.655533,0.050000
32.780000,543.919844,543.646201,0.050000
32.800000,543.910435,543.636802,0.050000
32.820000,543.900958,543.627336,0.050000
32.840000,543.891414,543.617802,0.050000
32.860000,543.881804,543.608202,0.050000
32.880000,543.872126,543.598535,0.050000
32.900000,543.862382,543.588801,0.050000
32.920000,543.852570,543.579001,0.050000
32.940000,543.842693,543.569134,0.050000
32.960000,543.832748,543.559201,0.050000
32.980000,543.822738,543.549201,0.050000
33.000000,543.812661,543.539135,0.050000
33.020000,543.802518,543.529003,0.050000
33.040000,543.792308,543.518805,0.050000
33.060000,543.782033,543.508541,0.050000
33.080000,543.771692,543.498211,0.050000
33.100000,543.761285,543.487816,0.050000
33.120000,543.750813,543.477355,0.050000
33.140000,543.740275,543.466828,0.050000
33.160000,543.729671,543.456236,0.050000
33.180000,543.719002,543.445579,0.050000
33.200000,543.708268,543.434856,0.050000
33.220000,543.697469,543.424069,0.050000
33.240000,543.686604,543.413217,0.050000
33.260000,543.675675,543.402299,0.050000
33.280000,543.664681,543.391317,0.050000
33.300000,543.653622,543.380270,0.050000
33.320000,543.642499,543.369159,0.050000
33.340000,543.631311,543.357983,0.050000
33.360000,543.620058,543.346743,0.050000
33.380000,543.608741,543.335439,0.050000
33.400000,543.597360,543.324070,0.050000
33.420000,543.585915,543.312638,0.050000
33.440000,543.574406,543.301141,0.050000
33.460000,543.562833,543.289581,0.050000
33.480000,543.551196,543.277957,0.050000
33.500000,543.539496,543.266269,0.050000
33.520000,543.527732,543.254518,0.050000
33.540000,543.515904,543.242703,0.050000
33.560000,543.504013,543.230825,0.050000
33.580000,543.492059,543.218884,0.050000
33.600000,543.480041,543.206879,0.050000
33.620000,543.467961,543.194812,0.050000
33.640000,543.455817,543.182682,0.050000
33.660000,543.443610,543.170489,0.050000
33.680000,543.431341,543.158233,0.050000
33.700000,543.419009,543.145914,0.050000
33.720000,543.406615,543.133533,0.050000
33.740000,543.394158,543.121090,0.050000
33.760000,543.381638,543.108584,0.050000
33.780000,543.369056,543.096016,0.050000
33.800000,543.356413,543.083386,0.050000
33.820000,543.343707,543.070694,0.050000
33.840000,543.330939,543.057940,0.050000
33.860000,543.318109,543.045125,0.050000
33.880000,543.305217,543.032247,0.050000
33.900000,543.292264,543.019308,0.050000
33.920000,543.279249,543.006307,0.050000
33.940000,543.266173,542.993245,0.050000
33.960000,543.253035,542.980122,0.050000
33.980000,543.239836,542.966938,0.050000
34.000000,543.226576,542.953692,0.050000
34.020000,543.213255,542.940386,0.050000
34.040000,543.199873,542.927018,0.050000
34.060000,543.186430,542.913590,0.050000
34.080000,543.172926,542.900101,0.050000
34.100000,543.159361,542.886551,0.050000
34.120000,543.145736,542.872941,0.050000
34.140000,543.132051,542.859271,0.050000
34.160000,543.118305,542.845540,0.050000
34.180000,543.104499,542.831749,0.050000
34.200000,543.090633,542.817898,0.050000
34.220000,543.076706,542.803986,0.050000
34.240000,543.062720,542.790015,0.050000
34.260000,543.048674,542.775985,0.050000
34.280000,543.034568,542.761894,0.050000
34.300000,543.020402,542.747744,0.050000
34.320000,543.006177,542.733534,0.050000
34.340000,542.991892,542.719265,0.050000
34.360000,542.977548,542.704937,0.050000
34.380000,542.963145,542.690549,0.050000
34.400000,542.948682,542.676102,0.050000
34.420000,542.934160,542.661597,0.050000
34.440000,542.919580,542.647032,0.050000
34.460000,542.904940,542.632409,0.050000
34.480000,542.890242,542.617727,0.050000
34.500000,542.875485,542.602986,0.050000
34.520000,542.860669,542.588186,0.050000
34.540000,542.845795,542.573329,0.050000
34.560000,542.830863,542.558413,0.050000
34.580000,542.815872,542.543438,0.050000
34.600000,542.800823,542.528406,0.050000
34.620000,542.785716,542.513315,0.050000
34.640000,542.770551,542.498167,0.050000
34.660000,542.755329,542.482961,0.050000
34.680000,542.740048,542.467697,0.050000
34.700000,542.724709,542.452375,0.050000
34.720000,542.709313,542.436996,0.050000
34.740000,542.693860,542.421560,0.050000
34.760000,542.678349,542.406066,0.050000
34.780000,542.662781,542.390514,0.050000
34.800000,542.647155,542.374906,0.050000
34.820000,542.631473,542.359241,0.050000
34.840000,542.615733,542.343518,0.050000
34.860000,542.599937,542.327739,0.050000
34.880000,542.584083,542.311903,0.050000
34.900000,542.568173,542.296010,0.050000
34.920000,542.552206,542.280061,0.050000
34.940000,542.536183,542.264055,0.050000
34.960000,542.520103,542.247993,0.050000
34.980000,542.503967,542.231875,0.050000
35.000000,542.487775,542.215700,0.050000
35.020000,542.471527,542.199470,0.050000
35.040000,542.455222,542.183183,0.050000
35.060000,542.438862,542.166841,0.050000
35.080000,542.422445,542.150442,0.050000
35.100000,542.405973,542.133988,0.050000
35.120000,542.389445,542.117478,0.050000
35.140000,542.372862,542.100913,0.050000
35.160000,542.356223,542.084293,0.050000
35.180000,542.339529,542.067617,0.050000
35.200000,542.322780,542.050886,0.050000
35.220000,542.305975,542.034099,0.050000
35.240000,542.289115,542.017258,0.050000
35.260000,542.272200,542.000362,0.050000
35.280000,542.255231,541.983411,0.050000
35.300000,542.238206,541.966405,0.050000
35.320000,542.221127,541.949344,0.050000
35.340000,542.203993,541.932229,0.050000
35.360000,542.186805,541.915060,0.050000
35.380000,542.169562,541.897836,0.050000
35.400000,542.152265,541.880558,0.050000
35.420000,542.134913,541.863225,0.050000
35.440000,542.117508,541.845839,0.050000
35.460000,542.100048,541.828398,0.050000
35.480000,542.082535,541.810904,0.050000
35.500000,542.064968,541.793356,0.050000
35.520000,542.047346,541.775754,0.050000
35.540000,542.029672,541.758098,0.050000
35.560000,542.011943,541.740389,0.050000
35.580000,541.994161,541.722627,0.050000
35.600000,541.976326,541.704811,0.050000
35.620000,541.958437,541.686942,0.050000
35.640000,541.940496,541.669020,0.050000
35.660000,541.922501,541.651045,0.050000
35.680000,541.904453,541.633017,0.050000
35.700000,541.886352,541.614936,0.050000
35.720000,541.868198,541.596802,0.050000
35.740000,541.849992,541.578615,0.050000
35.760000,541.831733,541.560376,0.050000
35.780000,541.813422,541.542085,0.050000
35.800000,541.795057,541.523741,0.050000
35.820000,541.776641,541.505345,0.050000
35.840000,541.758172,541.486896,0.050000
35.860000,541.739652,541.468396,0.050000
35.880000,541.721079,541.449843,0.050000
35.900000,541.702454,541.431239,0.050000
35.920000,541.683777,541.412582,0.050000
35.940000,541.665048,541.393874,0.050000
35.960000,541.646268,541.375114,0.050000
35.980000,541.627436,541.356303,0.050000
36.000000,541.608553,541.337440,0.050000
36.020000,541.589618,541.318526,0.050000
36.040000,541.570632,541.299561,0.050000
36.060000,541.551594,541.280544,0.050000
36.080000,541.532506,541.261476,0.050000
36.100000,541.513366,541.242357,0.050000
36.120000,541.494175,541.223188,0.050000
36.140000,541.474934,541.203967,0.050000
36.160000,541.455641,541.184696,0.050000
36.180000,541.436298,541.165374,0.050000
36.200000,541.416905,541.146001,0.050000
36.220000,541.397461,541.126579,0.050000
36.240000,541.377966,541.107105,0.050000
36.260000,541.358421,541.087582,0.050000
36.280000,541.338826,541.068008,0.050000
36.300000,541.319181,541.048384,0.050000
36.320000,541.299485,541.028710,0.050000
36.340000,541.279740,541.008987,0.050000
36.360000,541.259945,540.989213,0.050000
36.380000,541.240100,540.969390,0.050000
36.400000,541.220205,540.949517,0.050000
36.420000,541.200261,540.929594,0.050000
36.440000,541.180267,540.909622,0.050000
36.460000,541.160224,540.889601,0.050000
36.480000,541.140131,540.869530,0.050000
36.500000,541.119989,540.849410,0.050000
36.520000,541.099798,540.829241,0.050000
36.540000,541.079558,540.809024,0.050000
36.560000,541.059269,540.788757,0.050000
36.580000,541.038932,540.768441,0.050000
36.600000,541.018545,540.748077,0.050000
36.620000,540.998110,540.727664,0.050000
36.640000,540.977626,540.707202,0.050000
36.660000,540.957093,540.686692,0.050000
36.680000,540.936512,540.666133,0.050000
36.700000,540.915883,540.645527,0.050000
36.720000,540.895205,540.624872,0.050000
36.740000,540.874480,540.604169,0.050000
36.760000,540.853706,540.583418,0.050000
36.780000,540.832884,540.562619,0.050000
36.800000,540.812015,540.541772,0.050000
36.820000,540.791097,540.520877,0.050000
36.840000,540.770132,540.499935,0.050000
36.860000,540.749119,540.478945,0.050000
36.880000,540.728059,540.457907,0.050000
36.900000,540.706951,540.436823,0.050000
36.920000,540.685796,540.415691,0.050000
36.940000,540.664594,540.394511,0.050000
36.960000,540.643344,540.373285,0.050000
36.980000,540.622047,540.352011,0.050000
37.000000,540.600703,540.330691,0.050000
37.020000,540.579313,540.309323,0.050000
37.040000,540.557875,540.287909,0.050000
37.060000,540.536391,540.266449,0.050000
37.080000,540.514860,540.244941,0.050000
37.100000,540.493283,540.223387,0.050000
37.120000,540.471659,540.201787,0.050000
37.140000,540.449988,540.180140,0.050000
37.160000,540.428272,540.158447,0.050000
37.180000,540.406509,540.136708,0.050000
37.200000,540.384700,540.114923,0.050000
37.220000,540.362845,540.093091,0.050000
37.240000,540.340944,540.071214,0.050000
37.260000,540.318997,540.049291,0.050000
37.280000,540.297004,540.027322,0.050000
37.300000,540.274966,540.005308,0.050000
37.320000,540.252882,539.983248,0.050000
37.340000,540.230752,539.961143,0.050000
37.360000,540.208578,539.938992,0.050000
37.380000,540.186357,539.916796,0.050000
37.400000,540.164092,539.894554,0.050000
37.420000,540.141781,539.872268,0.050000
37.440000,540.119425,539.849937,0.050000
37.460000,540.097024,539.827560,0.050000
37.480000,540.074579,539.805139,0.050000
37.500000,540.052088,539.782673,0.050000
37.520000,540.029553,539.760162,0.050000
37.540000,540.006973,539.737606,0.050000
37.560000,539.984348,539.715006,0.050000
37.580000,539.961679,539.692362,0.050000
37.600000,539.938965,539.669673,0.050000
37.620000,539.916208,539.646940,0.050000
37.640000,539.893406,539.624163,0.050000
37.660000,539.870559,539.601342,0.050000
37.680000,539.847669,539.578476,0.050000
37.700000,539.824735,539.555567,0.050000
37.720000,539.801757,539.532614,0.050000
37.740000,539.778735,539.509617,0.050000
37.760000,539.755669,539.486576,0.050000
37.780000,539.732560,539.463492,0.050000
37.800000,539.709407,539.440364,0.050000
37.820000,539.686211,539.417193,0.050000
37.840000,539.662971,539.393979,0.050000
37.860000,539.639688,539.370721,0.050000
37.880000,539.616362,539.347420,0.050000
37.900000,539.592993,539.324076,0.050000
37.920000,539.569580,539.300689,0.050000
37.940000,539.546125,539.277259,0.050000
37.960000,539.522627,539.253787,0.050000
37.980000,539.499085,539.230271,0.050000
38.000000,539.475502,539.206713,0.050000
38.020000,539.451875,539.183112,0.050000
38.040000,539.428206,539.159469,0.050000
38.060000,539.404495,539.135783,0.050000
38.080000,539.380741,539.112055,0.050000
38.100000,539.356945,539.088285,0.050000
38.120000,539.333107,539.064473,0.050000
38.140000,539.309226,539.040618,0.050000
38.160000,539.285304,539.016722,0.050000
38.180000,539.261339,538.992783,0.050000
38.200000,539.237333,538.968803,0.050000
38.220000,539.213285,538.944781,0.050000
38.240000,539.189195,538.920717,0.050000
38.260000,539.165064,538.896612,0.050000
38.280000,539.140891,538.872465,0.050000
38.300000,539.116676,538.848277,0.050000
38.320000,539.092420,538.824047,0.050000
38.340000,539.068123,538.799776,0.050000
38.360000,539.043785,538.775464,0.050000
38.380000,539.019405,538.751111,0.050000
38.400000,538.994985,538.726717,0.050000
38.420000,538.970523,538.702282,0.050000
38.440000,538.946021,538.677806,0.050000
38.460000,538.921477,538.653290,0.050000
38.480000,538.896893,538.628732,0.050000
38.500000,538.872269,538.604134,0.050000
38.520000,538.847604,538.579496,0.050000
38.540000,538.822898,538.554817,0.050000
38.560000,538.798152,538.530098,0.050000
38.580000,538.773365,538.505338,0.050000
38.600000,538.748539,538.480538,0.050000
38.620000,538.723672,538.455698,0.050000
38.640000,538.698765,538.430818,0.050000
38.660000,538.673818,538.405898,0.050000
38.680000,538.648831,538.380939,0.050000
38.700000,538.623804,538.355939,0.050000
38.720000,538.598738,538.330900,0.050000
38.740000,538.573632,538.305821,0.050000
38.760000,538.548486,538.280702,0.050000
38.780000,538.523301,538.255544,0.050000
38.800000,538.498076,538.230347,0.050000
38.820000,538.472812,538.205110,0.050000
38.840000,538.447509,538.179834,0.050000
38.860000,538.422166,538.154519,0.050000
38.880000,538.396785,538.129165,0.050000
38.900000,538.371364,538.103772,0.050000
38.920000,538.345904,538.078340,0.050000
38.940000,538.320406,538.052869,0.050000
38.960000,538.294869,538.027359,0.050000
38.980000,538.269292,538.001811,0.050000
39.000000,538.243678,537.976224,0.050000
39.020000,538.218025,537.950598,0.050000
39.040000,538.192333,537.924934,0.050000
39.060000,538.166603,537.899232,0.050000
39.080000,538.140834,537.873491,0.050000
39.100000,538.115027,537.847712,0.050000
39.120000,538.089183,537.821895,0.050000
39.140000,538.063300,537.796040,0.050000
39.160000,538.037379,537.770147,0.050000
39.180000,538.011420,537.744216,0.050000
39.200000,537.985423,537.718248,0.050000
39.220000,537.959388,537.692241,0.050000
39.240000,537.933316,537.666197,0.050000
39.260000,537.907206,537.640115,0.050000
39.280000,537.881059,537.613996,0.050000
39.300000,537.854874,537.587839,0.050000
39.320000,537.828651,537.561645,0.050000
39.340000,537.802392,537.535414,0.050000
39.360000,537.776095,537.509146,0.050000
39.380000,537.749761,537.482840,0.050000
39.400000,537.723390,537.456497,0.050000
39.420000,537.696982,537.430118,0.050000
39.440000,537.670537,537.403701,0.050000
39.460000,537.644055,537.377248,0.050000
39.480000,537.617536,537.350758,0.050000
39.500000,537.590981,537.324231,0.050000
39.520000,537.564389,537.297668,0.050000
39.540000,537.537760,537.271068,0.050000
39.560000,537.511095,537.244432,0.050000
39.580000,537.484394,537.217759,0.050000
39.600000,537.457656,537.191051,0.050000
39.620000,537.430883,537.164306,0.050000
39.640000,537.404072,537.137524,0.050000
39.660000,537.377226,537.110707,0.050000
39.680000,537.350344,537.083854,0.050000
39.700000,537.323426,537.056965,0.050000
39.720000,537.296472,537.030040,0.050000
39.740000,537.269482,537.003079,0.050000
39.760000,537.242457,536.976083,0.050000
39.780000,537.215396,536.949051,0.050000
39.800000,537.188299,536.921983,0.050000
39.820000,537.161167,536.894881,0.050000
39.840000,537.134000,536.867742,0.050000
39.860000,537.106797,536.840569,0.050000
39.880000,537.079559,536.813360,0.050000
39.900000,537.052285,536.786116,0.050000
39.920000,537.024977,536.758837,0.050000
39.940000,536.997633,536.731523,0.050000
39.960000,536.970255,536.704174,0.050000
39.980000,536.942842,536.676790,0.050000
40.000000,536.915394,536.649372,0.050000
40.020000,536.887911,536.621918,0.050000
40.040000,536.860393,536.594430,0.050000
40.060000,536.832841,536.566908,0.050000
40.080000,536.805255,536.539351,0.050000
40.100000,536.777634,536.511760,0.050000
40.120000,536.749978,536.484134,0.050000
40.140000,536.722289,536.456474,0.050000
40.160000,536.694565,536.428780,0.050000
40.180000,536.666807,536.401052,0.050000
40.200000,536.639015,536.373290,0.050000
40.220000,536.611188,536.345493,0.050000
40.240000,536.583328,536.317663,0.050000
40.260000,536.555435,536.289799,0.050000
40.280000,536.527507,536.261902,0.050000
40.300000,536.499546,536.233971,0.050000
40.320000,536.471551,536.206006,0.050000
40.340000,536.443522,536.178007,0.050000
40.360000,536.415460,536.149975,0.050000
40.380000,536.387365,536.121910,0.050000
40.400000,536.359236,536.093811,0.050000
40.420000,536.331074,536.065679,0.050000
40.440000,536.302878,536.037514,0.050000
40.460000,536.274650,536.009316,0.050000
40.480000,536.246389,535.981085,0.050000
40.500000,536.218094,535.952821,0.050000
40.520000,536.189767,535.924524,0.050000
40.540000,536.161407,535.896195,0.050000
40.560000,536.133014,535.867832,0.050000
40.580000,536.104588,535.839437,0.050000
40.600000,536.076130,535.811009,0.050000
40.620000,536.047639,535.782549,0.050000
40.640000,536.019116,535.754056,0.050000
40.660000,535.990560,535.725531,0.050000
40.680000,535.961972,535.696974,0.050000
40.700000,535.933352,535.668384,0.050000
40.720000,535.904699,535.639762,0.050000
40.740000,535.876015,535.611108,0.050000
40.760000,535.847298,535.582422,0.050000
40.780000,535.818549,535.553705,0.050000
40.800000,535.789769,535.524955,0.050000
40.820000,535.760956,535.496173,0.050000
40.840000,535.732112,535.467360,0.050000
40.860000,535.703236,535.438515,0.050000
40.880000,535.674329,535.409638,0.050000
40.900000,535.645390,535.380730,0.050000
40.920000,535.616419,535.351791,0.050000
40.940000,535.587417,535.322820,0.050000
40.960000,535.558384,535.293818,0.050000
40.980000,535.529319,535.264784,0.050000
41.000000,535.500223,535.235719,0.050000
41.020000,535.471096,535.206623,0.050000
41.040000,535.441938,535.177497,0.050000
41.060000,535.412749,535.148339,0.050000
41.080000,535.383529,535.119150,0.050000
41.100000,535.354278,535.089930,0.050000
41.120000,535.324996,535.060680,0.050000
41.140000,535.295684,535.031399,0.050000
41.160000,535.266341,535.002087,0.050000
41.180000,535.236967,534.972745,0.050000
41.200000,535.207563,534.943372,0.050000
41.220000,535.178128,534.913969,0.050000
41.240000,535.148663,534.884535,0.050000
41.260000,535.119168,534.855071,0.050000
41.280000,535.089642,534.825577,0.050000
41.300000,535.060087,534.796053,0.050000
41.320000,535.030501,534.766499,0.050000
41.340000,535.000885,534.736915,0.050000
41.360000,534.971239,534.707300,0.050000
41.380000,534.941563,534.677656,0.050000
41.400000,534.911857,534.647982,0.050000
41.420000,534.882122,534.618278,0.050000
41.440000,534.852357,534.588545,0.050000
41.460000,534.822562,534.558782,0.050000
41.480000,534.792737,534.528989,0.050000
41.500000,534.762883,534.499167,0.050000
41.520000,534.733000,534.469316,0.050000
41.540000,534.703087,534.439435,0.050000
41.560000,534.673145,534.409525,0.050000
41.580000,534.643174,534.379586,0.050000
41.600000,534.613174,534.349617,0.050000
41.620000,534.583144,534.319620,0.050000
41.640000,534.553086,534.289593,0.050000
41.660000,534.522998,534.259538,0.050000
41.680000,534.492882,534.229453,0.050000
41.700000,534.462736,534.199340,0.050000
41.720000,534.432562,534.169198,0.050000
41.740000,534.402359,534.139028,0.050000
41.760000,534.372128,534.108828,0.050000
41.780000,534.341868,534.078601,0.050000
41.800000,534.311579,534.048344,0.050000
41.820000,534.281262,534.018060,0.050000
41.840000,534.250917,533.987746,0.050000
41.860000,534.220543,533.957405,0.050000
41.880000,534.190141,533.927036,0.050000
41.900000,534.159711,533.896638,0.050000
41.920000,534.129253,533.866212,0.050000
41.940000,534.098767,533.835758,0.050000
41.960000,534.068252,533.805276,0.050000
41.980000,534.037710,533.774767,0.050000
42.000000,534.007140,533.744229,0.050000
42.020000,533.976542,533.713664,0.050000
42.040000,533.945917,533.683071,0.050000
42.060000,533.915263,533.652450,0.050000
42.080000,533.884582,533.621802,0.050000
42.100000,533.853874,533.591126,0.050000
42.120000,533.823138,533.560423,0.050000
42.140000,533.792375,533.529692,0.050000
42.160000,533.761584,533.498934,0.050000
42.180000,533.730766,533.468149,0.050000
42.200000,533.699921,533.437337,0.050000
42.220000,533.669049,533.406497,0.050000
42.240000,533.638149,533.375631,0.050000
42.260000,533.607223,533.344737,0.050000
42.280000,533.576270,533.313816,0.050000
42.300000,533.545289,533.282869,0.050000
42.320000,533.514282,533.251895,0.050000
42.340000,533.483248,533.220894,0.050000
42.360000,533.452187,533.189866,0.050000
42.380000,533.421100,533.158812,0.050000
42.400000,533.389986,533.127731,0.050000
42.420000,533.358846,533.096624,0.050000
42.440000,533.327679,533.065490,0.050000
42.460000,533.296486,533.034330,0.050000
42.480000,533.265266,533.003143,0.050000
42.500000,533.234020,532.971930,0.050000
42.520000,533.202748,532.940691,0.050000
42.540000,533.171450,532.909426,0.050000
42.560000,533.140126,532.878135,0.050000
42.580000,533.108775,532.846818,0.050000
42.600000,533.077399,532.815475,0.050000
42.620000,533.045997,532.784106,0.050000
42.640000,533.014568,532.752711,0.050000
42.660000,532.983115,532.721291,0.050000
42.680000,532.951635,532.689844,0.050000
42.700000,532.920130,532.658373,0.050000
42.720000,532.888599,532.626875,0.050000
42.740000,532.857043,532.595352,0.050000
42.760000,532.825461,532.563804,0.050000
42.780000,532.793853,532.532230,0.050000
42.800000,532.762221,532.500631,0.050000
42.820000,532.730563,532.469006,0.050000
42.840000,532.698880,532.437357,0.050000
42.860000,532.667171,532.405682,0.050000
42.880000,532.635438,532.373982,0.050000
42.900000,532.603679,532.342257,0.050000
42.920000,532.571896,532.310507,0.050000
42.940000,532.540088,532.278733,0.050000
42.960000,532.508254,532.246933,0.050000
42.980000,532.476396,532.215109,0.050000
43.000000,532.444513,532.183259,0.050000
43.020000,532.412606,532.151386,0.050000
43.040000,532.380674,532.119487,0.050000
43.060000,532.348717,532.087564,0.050000
43.080000,532.316736,532.055617,0.050000
43.100000,532.284730,532.023645,0.050000
43.120000,532.252700,531.991649,0.050000
43.140000,532.220645,531.959628,0.050000
43.160000,532.188567,531.927583,0.050000
43.180000,532.156464,531.895514,0.050000
43.200000,532.124337,531.863421,0.050000
43.220000,532.092186,531.831304,0.050000
43.240000,532.060010,531.799163,0.050000
43.260000,532.027811,531.766997,0.050000
43.280000,531.995588,531.734808,0.050000
43.300000,531.963341,531.702595,0.050000
43.320000,531.931070,531.670359,0.050000
43.340000,531.898776,531.638098,0.050000
43.360000,531.866457,531.605814,0.050000
43.380000,531.834116,531.573506,0.050000
43.400000,531.801750,531.541175,0.050000
43.420000,531.769361,531.508820,0.050000
43.440000,531.736949,531.476442,0.050000
43.460000,531.704513,531.444040,0.050000
43.480000,531.672054,531.411616,0.050000
43.500000,531.639572,531.379167,0.050000
43.520000,531.607066,531.346696,0.050000
43.540000,531.574537,531.314201,0.050000
43.560000,531.541985,531.281684,0.050000
43.580000,531.509410,531.249143,0.050000
43.600000,531.476812,531.216579,0.050000
43.620000,531.444191,531.183993,0.050000
43.640000,531.411547,531.151383,0.050000
43.660000,531.378881,531.118751,0.050000
43.680000,531.346191,531.086096,0.050000
43.700000,531.313479,531.053419,0.050000
43.720000,531.280744,531.020718,0.050000
43.740000,531.247987,530.987995,0.050000
43.760000,531.215207,530.955250,0.050000
43.780000,531.182405,530.922482,0.050000
43.800000,531.149580,530.889692,0.050000
43.820000,531.116733,530.856879,0.050000
43.840000,531.083863,530.824044,0.050000
43.860000,531.050971,530.791187,0.050000
43.880000,531.018057,530.758307,0.050000
43.900000,530.985121,530.725406,0.050000
43.920000,530.952163,530.692482,0.050000
43.940000,530.919183,530.659537,0.050000
43.960000,530.886180,530.626569,0.050000
43.980000,530.853156,530.593579,0.050000
44.000000,530.820110,530.560568,0.050000
44.020000,530.787042,530.527535,0.050000
44.040000,530.753952,530.494480,0.050000
44.060000,530.720841,530.461403,0.050000
44.080000,530.687708,530.428305,0.050000
44.100000,530.654553,530.395185,0.050000
44.120000,530.621377,530.362044,0.050000
44.140000,530.588179,530.328881,0.050000
44.160000,530.554960,530.295697,0.050000
44.180000,530.521720,530.262491,0.050000
44.200000,530.488458,530.229264,0.050000
44.220000,530.455175,530.196016,0.050000
44.240000,530.421870,530.162746,0.050000
44.260000,530.388545,530.129456,0.050000
44.280000,530.355198,530.096144,0.050000
44.300000,530.321830,530.062811,0.050000
44.320000,530.288442,530.029458,0.050000
44.340000,530.255032,529.996083,0.050000
44.360000,530.221601,529.962688,0.050000
44.380000,530.188150,529.929271,0.050000
44.400000,530.154678,529.895834,0.050000
44.420000,530.121185,529.862376,0.050000
44.440000,530.087671,529.828898,0.050000
44.460000,530.054137,529.795399,0.050000
44.480000,530.020582,529.761879,0.050000
44.500000,529.987007,529.728339,0.050000
44.520000,529.953411,529.694778,0.050000
44.540000,529.919795,529.661197,0.050000
44.560000,529.886158,529.627596,0.050000
44.580000,529.852501,529.593974,0.050000
44.600000,529.818824,529.560332,0.050000
44.620000,529.785127,529.526670,0.050000
44.640000,529.751409,529.492988,0.050000
44.660000,529.717672,529.459285,0.050000
44.680000,529.683914,529.425563,0.050000
44.700000,529.650136,529.391820,0.050000
44.720000,529.616338,529.358058,0.050000
44.740000,529.582521,529.324276,0.050000
44.760000,529.548683,529.290474,0.050000
44.780000,529.514826,529.256652,0.050000
44.800000,529.480949,529.222811,0.050000
44.820000,529.447053,529.188949,0.050000
44.840000,529.413136,529.155068,0.050000
44.860000,529.379201,529.121168,0.050000
44.880000,529.345245,529.087248,0.050000
44.900000,529.311270,529.053309,0.050000
44.920000,529.277276,529.019350,0.050000
44.940000,529.243262,528.985372,0.050000
44.960000,529.209229,528.951374,0.050000
44.980000,529.175177,528.917357,0.050000
45.000000,529.141105,528.883321,0.050000
45.020000,529.107015,528.849266,0.050000
45.040000,529.072905,528.815192,0.050000
45.060000,529.038776,528.781099,0.050000
45.080000,529.004628,528.746986,0.050000
45.100000,528.970461,528.712855,0.050000
45.120000,528.936275,528.678705,0.050000
45.140000,528.902070,528.644535,0.050000
45.160000,528.867846,528.610348,0.050000
45.180000,528.833604,528.576141,0.050000
45.200000,528.799343,528.541915,0.050000
45.220000,528.765063,528.507671,0.050000
45.240000,528.730765,528.473409,0.050000
45.260000,528.696448,528.439127,0.050000
45.280000,528.662112,528.404828,0.050000
45.300000,528.627758,528.370509,0.050000
45.320000,528.593386,528.336173,0.050000
45.340000,528.558995,528.301818,0.050000
45.360000,528.524586,528.267444,0.050000
45.380000,528.490158,528.233053,0.050000
45.400000,528.455712,528.198643,0.050000
45.420000,528.421249,528.164215,0.050000
45.440000,528.386766,528.129769,0.050000
45.460000,528.352266,528.095304,0.050000
45.480000,528.317748,528.060822,0.050000
45.500000,528.283212,528.026322,0.050000
45.520000,528.248658,527.991804,0.050000
45.540000,528.214086,527.957268,0.050000
45.560000,528.179496,527.922714,0.050000
45.580000,528.144888,527.888142,0.050000
45.600000,528.110263,527.853553,0.050000
45.620000,528.075620,527.818946,0.050000
45.640000,528.040959,527.784321,0.050000
45.660000,528.006281,527.749678,0.050000
45.680000,527.971585,527.715019,0.050000
45.700000,527.936871,527.680341,0.050000
45.720000,527.902140,527.645646,0.050000
45.740000,527.867392,527.610934,0.050000
45.760000,527.832626,527.576204,0.050000
45.780000,527.797843,527.541457,0.050000
45.800000,527.763043,527.506693,0.050000
45.820000,527.728225,527.471912,0.050000
45.840000,527.693391,527.437113,0.050000
45.860000,527.658539,527.402298,0.050000
45.880000,527.623670,527.367465,0.050000
45.900000,527.588784,527.332615,0.050000
45.920000,527.553881,527.297748,0.050000
45.940000,527.518961,527.262864,0.050000
45.960000,527.484024,527.227964,0.050000
45.980000,527.449070,527.193046,0.050000
46.000000,527.414100,527.158112,0.050000
46.020000,527.379112,527.123161,0.050000
46.040000,527.344108,527.088193,0.050000
46.060000,527.309088,527.053209,0.050000
46.080000,527.274051,527.018208,0.050000
46.100000,527.238997,526.983190,0.050000
46.120000,527.203926,526.948156,0.050000
46.140000,527.168839,526.913106,0.050000
46.160000,527.133736,526.878039,0.050000
46.180000,527.098616,526.842955,0.050000
46.200000,527.063480,526.807856,0.050000
46.220000,527.028328,526.772740,0.050000
46.240000,526.993159,526.737607,0.050000
46.260000,526.957974,526.702459,0.050000
46.280000,526.922773,526.667294,0.050000
46.300000,526.887556,526.632113,0.050000
46.320000,526.852323,526.596917,0.050000
46.340000,526.817073,526.561704,0.050000
46.360000,526.781808,526.526475,0.050000
46.380000,526.746527,526.491230,0.050000
46.400000,526.711230,526.455970,0.050000
46.420000,526.675917,526.420693,0.050000
46.440000,526.640588,526.385401,0.050000
46.460000,526.605243,526.350093,0.050000
46.480000,526.569883,526.314769,0.050000
46.500000,526.534507,526.279430,0.050000
46.520000,526.499116,526.244075,0.050000
46.540000,526.463708,526.208704,0.050000
46.560000,526.428286,526.173318,0.050000
46.580000,526.392847,526.137916,0.050000
46.600000,526.357394,526.102499,0.050000
46.620000,526.321925,526.067066,0.050000
46.640000,526.286440,526.031619,0.050000
46.660000,526.250940,525.996155,0.050000
46.680000,526.215425,525.960677,0.050000
46.700000,526.179895,525.925183,0.050000
46.720000,526.144349,525.889674,0.050000
46.740000,526.108789,525.854150,0.050000
46.760000,526.073213,525.818611,0.050000
46.780000,526.037622,525.783057,0.050000
46.800000,526.002016,525.747488,0.050000
46.820000,525.966395,525.711904,0.050000
46.840000,525.930759,525.676304,0.050000
46.860000,525.895109,525.640691,0.050000
46.880000,525.859443,525.605062,0.050000
46.900000,525.823763,525.569418,0.050000
46.920000,525.788068,525.533760,0.050000
46.940000,525.752358,525.498087,0.050000
46.960000,525.716633,525.462399,0.050000
46.980000,525.680894,525.426696,0.050000
47.000000,525.645140,525.390979,0.050000
47.020000,525.609372,525.355248,0.050000
47.040000,525.573589,525.319502,0.050000
47.060000,525.537791,525.283741,0.050000
47.080000,525.501980,525.247966,0.050000
47.100000,525.466153,525.212177,0.050000
47.120000,525.430313,525.176373,0.050000
47.140000,525.394458,525.140555,0.050000
47.160000,525.358589,525.104723,0.050000
47.180000,525.322706,525.068877,0.050000
47.200000,525.286808,525.033016,0.050000
47.220000,525.250897,524.997141,0.050000
47.240000,525.214971,524.961252,0.050000
47.260000,525.179031,524.925350,0.050000
47.280000,525.143077,524.889433,0.050000
47.300000,525.107109,524.853502,0.050000
47.320000,525.071128,524.817557,0.050000
47.340000,525.035132,524.781598,0.050000
47.360000,524.999123,524.745626,0.050000
47.380000,524.963099,524.709639,0.050000
47.400000,524.927062,524.673639,0.050000
47.420000,524.891011,524.637626,0.050000
47.440000,524.854947,524.601598,0.050000
47.460000,524.818869,524.565557,0.050000
47.480000,524.782777,524.529502,0.050000
47.500000,524.746672,524.493434,0.050000
47.520000,524.710553,524.457352,0.050000
47.540000,524.674420,524.421257,0.050000
47.560000,524.638275,524.385148,0.050000
47.580000,524.602115,524.349026,0.050000
47.600000,524.565943,524.312890,0.050000
47.620000,524.529757,524.276742,0.050000
47.640000,524.493558,524.240580,0.050000
47.660000,524.457345,524.204404,0.050000
47.680000,524.421120,524.168216,0.050000
47.700000,524.384881,524.132014,0.050000
47.720000,524.348629,524.095799,0.050000
47.740000,524.312364,524.059571,0.050000
47.760000,524.276086,524.023330,0.050000
47.780000,524.239795,523.987076,0.050000
47.800000,524.203491,523.950809,0.050000
47.820000,524.167173,523.914529,0.050000
47.840000,524.130844,523.878237,0.050000
47.860000,524.094501,523.841931,0.050000
47.880000,524.058145,523.805613,0.050000
47.900000,524.021777,523.769281,0.050000
47.920000,523.985396,523.732937,0.050000
47.940000,523.949002,523.696581,0.050000
47.960000,523.912595,523.660211,0.050000
47.980000,523.876176,523.623830,0.050000
48.000000,523.839744,523.587435,0.050000
48.020000,523.803300,523.551028,0.050000
48.040000,523.766843,523.514608,0.050000
48.060000,523.730374,523.478176,0.050000
48.080000,523.693892,523.441732,0.050000
48.100000,523.657398,523.405275,0.050000
48.120000,523.620892,523.368806,0.050000
48.140000,523.584373,523.332324,0.050000
48.160000,523.547842,523.295831,0.050000
48.180000,523.511299,523.259325,0.050000
48.200000,523.474743,523.222806,0.050000
48.220000,523.438175,523.186276,0.050000
48.240000,523.401595,523.149733,0.050000
48.260000,523.365003,523.113179,0.050000
48.280000,523.328399,523.076612,0.050000
48.300000,523.291783,523.040033,0.050000
48.320000,523.255155,523.003443,0.050000
48.340000,523.218515,522.966840,0.050000
48.360000,523.181864,522.930226,0.050000
48.380000,523.145200,522.893599,0.050000
48.400000,523.108524,522.856961,0.050000
48.420000,523.071837,522.820311,0.050000
48.440000,523.035138,522.783649,0.050000
48.460000,522.998427,522.746976,0.050000
48.480000,522.961704,522.710290,0.050000
48.500000,522.924970,522.673594,0.050000
48.520000,522.888224,522.636885,0.050000
48.540000,522.851467,522.600165,0.050000
48.560000,522.814698,522.563434,0.050000
48.580000,522.777917,522.526691,0.050000
48.600000,522.741125,522.489936,0.050000
48.620000,522.704322,522.453170,0.050000
48.640000,522.667507,522.416393,0.050000
48.660000,522.630681,522.379604,0.050000
48.680000,522.593843,522.342804,0.050000
48.700000,522.556995,522.305993,0.050000
48.720000,522.520134,522.269170,0.050000
48.740000,522.483263,522.232336,0.050000
48.760000,522.446381,522.195491,0.050000
48.780000,522.409487,522.158635,0.050000
48.800000,522.372582,522.121768,0.050000
48.820000,522.335666,522.084889,0.050000
48.840000,522.298740,522.048000,0.050000
48.860000,522.261802,522.011100,0.050000
48.880000,522.224853,521.974188,0.050000
48.900000,522.187893,521.937266,0.050000
48.920000,522.150922,521.900333,0.050000
48.940000,522.113941,521.863389,0.050000
48.960000,522.076948,521.826434,0.050000
48.980000,522.039945,521.789468,0.050000
49.000000,522.002931,521.752492,0.050000
49.020000,521.965906,521.715505,0.050000
49.040000,521.928871,521.678507,0.050000
49.060000,521.891825,521.641498,0.050000
49.080000,521.854768,521.604479,0.050000
49.100000,521.817701,521.567449,0.050000
49.120000,521.780623,521.530409,0.050000
49.140000,521.743535,521.493358,0.050000
49.160000,521.706436,521.456297,0.050000
49.180000,521.669326,521.419225,0.050000
49.200000,521.632207,521.382143,0.050000
49.220000,521.595076,521.345050,0.050000
49.240000,521.557936,521.307947,0.050000
49.260000,521.520785,521.270834,0.050000
49.280000,521.483624,521.233711,0.050000
49.300000,521.446452,521.196577,0.050000
49.320000,521.409271,521.159433,0.050000
49.340000,521.372079,521.122279,0.050000
49.360000,521.334877,521.085114,0.050000
49.380000,521.297665,521.047940,0.050000
49.400000,521.260443,521.010755,0.050000
49.420000,521.223211,520.973561,0.050000
49.440000,521.185968,520.936356,0.050000
49.460000,521.148716,520.899142,0.050000
49.480000,521.111454,520.861917,0.050000
49.500000,521.074182,520.824683,0.050000
49.520000,521.036900,520.787438,0.050000
49.540000,520.999608,520.750184,0.050000
49.560000,520.962306,520.712920,0.050000
49.580000,520.924995,520.675646,0.050000
49.600000,520.887674,520.638363,0.050000
49.620000,520.850343,520.601070,0.050000
49.640000,520.813002,520.563767,0.050000
49.660000,520.775652,520.526454,0.050000
49.680000,520.738292,520.489132,0.050000
49.700000,520.700922,520.451800,0.050000
49.720000,520.663543,520.414459,0.050000
49.740000,520.626154,520.377108,0.050000
49.760000,520.588756,520.339747,0.050000
49.780000,520.551349,520.302377,0.050000
49.800000,520.513932,520.264998,0.050000
49.820000,520.476505,520.227609,0.050000
49.840000,520.439069,520.190211,0.050000
49.860000,520.401624,520.152804,0.050000
49.880000,520.364170,520.115387,0.050000
49.900000,520.326706,520.077961,0.050000
49.920000,520.289233,520.040526,0.050000
49.940000,520.251751,520.003081,0.050000
49.960000,520.214259,519.965628,0.050000
49.980000,520.176759,519.928165,0.050000
50.000000,520.139249,519.890693,0.050000
50.020000,520.101730,519.853212,0.050000
50.040000,520.064202,519.815722,0.050000
50.060000,520.026665,519.778223,0.050000
50.080000,519.989120,519.740715,0.050000
50.100000,519.951565,519.703198,0.050000
50.120000,519.914001,519.665672,0.050000
50.140000,519.876428,519.628137,0.050000
50.160000,519.838847,519.590593,0.050000
50.180000,519.801256,519.553041,0.050000
50.200000,519.763657,519.515479,0.050000
50.220000,519.726049,519.477909,0.050000
50.240000,519.688433,519.440330,0.050000
50.260000,519.650807,519.402742,0.050000
50.280000,519.613173,519.365146,0.050000
50.300000,519.575530,519.327541,0.050000
50.320000,519.537879,519.289928,0.050000
50.340000,519.500219,519.252305,0.050000
50.360000,519.462550,519.214675,0.050000
50.380000,519.424873,519.177035,0.050000
50.400000,519.387187,519.139387,0.050000
50.420000,519.349493,519.101731,0.050000
50.440000,519.311791,519.064066,0.050000
50.460000,519.274080,519.026393,0.050000
50.480000,519.236360,518.988712,0.050000
50.500000,519.198633,518.951022,0.050000
50.520000,519.160897,518.913324,0.050000
50.540000,519.123152,518.875617,0.050000
50.560000,519.085400,518.837902,0.050000
50.580000,519.047639,518.800179,0.050000
50.600000,519.009870,518.762448,0.050000
50.620000,518.972092,518.724709,0.050000
50.640000,518.934307,518.686961,0.050000
50.660000,518.896513,518.649206,0.050000
50.680000,518.858712,518.611442,0.050000
50.700000,518.820902,518.573670,0.050000
50.720000,518.783084,518.535890,0.050000
50.740000,518.745259,518.498102,0.050000
50.760000,518.707425,518.460306,0.050000
50.780000,518.669583,518.422502,0.050000
50.800000,518.631734,518.384691,0.050000
50.820000,518.593876,518.346871,0.050000
50.840000,518.556011,518.309044,0.050000
50.860000,518.518138,518.271208,0.050000
50.880000,518.480257,518.233365,0.050000
50.900000,518.442368,518.195514,0.050000
50.920000,518.404471,518.157656,0.050000
50.940000,518.366567,518.119789,0.050000
50.960000,518.328655,518.081915,0.050000
50.980000,518.290735,518.044033,0.050000
51.000000,518.252808,518.006144,0.050000
51.020000,518.214873,517.968247,0.050000
51.040000,518.176931,517.930343,0.050000
51.060000,518.138981,517.892431,0.050000
51.080000,518.101023,517.854511,0.050000
51.100000,518.063058,517.816584,0.050000
51.120000,518.025086,517.778649,0.050000
51.140000,517.987106,517.740707,0.050000
51.160000,517.949118,517.702758,0.050000
51.180000,517.911124,517.664801,0.050000
51.200000,517.873122,517.626837,0.050000
51.220000,517.835112,517.588865,0.050000
51.240000,517.797095,517.550886,0.050000
51.260000,517.759071,517.512900,0.050000
51.280000,517.721040,517.474907,0.050000
51.300000,517.683002,517.436906,0.050000
51.320000,517.644956,517.398899,0.050000
51.340000,517.606903,517.360884,0.050000
51.360000,517.568843,517.322862,0.050000
51.380000,517.530776,517.284832,0.050000
51.400000,517.492702,517.246796,0.050000
51.420000,517.454621,517.208753,0.050000
51.440000,517.416532,517.170703,0.050000
51.460000,517.378437,517.132645,0.050000
51.480000,517.340335,517.094581,0.050000
51.500000,517.302225,517.056510,0.050000
51.520000,517.264109,517.018431,0.050000
51.540000,517.225986,516.980346,0.050000
51.560000,517.187856,516.942254,0.050000
51.580000,517.149720,516.904155,0.050000
51.600000,517.111576,516.866050,0.050000
51.620000,517.073426,516.827937,0.050000
51.640000,517.035268,516.789818,0.050000
51.660000,516.997104,516.751692,0.050000
51.680000,516.958934,516.713559,0.050000
51.700000,516.920757,516.675420,0.050000
51.720000,516.882573,516.637274,0.050000
51.740000,516.844382,516.599121,0.050000
51.760000,516.806185,516.560962,0.050000
51.780000,516.767981,516.522796,0.050000
51.800000,516.729771,516.484624,0.050000
51.820000,516.691554,516.446445,0.050000
51.840000,516.653330,516.408259,0.050000
51.860000,516.615100,516.370068,0.050000
51.880000,516.576864,516.331869,0.050000
51.900000,516.538621,516.293664,0.050000
51.920000,516.500372,516.255453,0.050000
51.940000,516.462117,516.217235,0.050000
51.960000,516.423855,516.179012,0.050000
51.980000,516.385586,516.140781,0.050000
52.000000,516.347312,516.102545,0.050000
52.020000,516.309031,516.064302,0.050000
52.040000,516.270744,516.026053,0.050000
52.060000,516.232451,515.987797,0.050000
52.080000,516.194151,515.949536,0.050000
52.100000,516.155845,515.911268,0.050000
52.120000,516.117533,515.872994,0.050000
52.140000,516.079216,515.834714,0.050000
52.160000,516.040891,515.796428,0.050000
52.180000,516.002561,515.758136,0.050000
52.200000,515.964225,515.719837,0.050000
52.220000,515.925883,515.681533,0.050000
52.240000,515.887534,515.643223,0.050000
52.260000,515.849180,515.604907,0.050000
52.280000,515.810820,515.566584,0.050000
52.300000,515.772454,515.528256,0.050000
52.320000,515.734082,515.489922,0.050000
52.340000,515.695704,515.451582,0.050000
52.360000,515.657320,515.413236,0.050000
52.380000,515.618931,515.374885,0.050000
52.400000,515.580535,515.336527,0.050000
52.420000,515.542134,515.298164,0.050000
52.440000,515.503727,515.259795,0.050000
52.460000,515.465314,515.221420,0.050000
52.480000,515.426896,515.183040,0.050000
52.500000,515.388472,515.144653,0.050000
52.520000,515.350042,515.106262,0.050000
52.540000,515.311606,515.067864,0.050000
52.560000,515.273165,515.029461,0.050000
52.580000,515.234719,514.991052,0.050000
52.600000,515.196266,514.952638,0.050000
52.620000,515.157809,514.914218,0.050000
52.640000,515.119345,514.875793,0.050000
52.660000,515.080877,514.837362,0.050000
52.680000,515.042402,514.798926,0.050000
52.700000,515.003923,514.760484,0.050000
52.720000,514.965437,514.722037,0.050000
52.740000,514.926947,514.683584,0.050000
52.760000,514.888451,514.645126,0.050000
52.780000,514.849950,514.606663,0.050000
52.800000,514.811443,514.568194,0.050000
52.820000,514.772931,514.529720,0.050000
52.840000,514.734414,514.491241,0.050000
52.860000,514.695891,514.452756,0.050000
52.880000,514.657363,514.414266,0.050000
52.900000,514.618830,514.375771,0.050000
52.920000,514.580292,514.337271,0.050000
52.940000,514.541749,514.298766,0.050000
52.960000,514.503200,514.260255,0.050000
52.980000,514.464647,514.221739,0.050000
53.000000,514.426088,514.183218,0.050000
53.020000,514.387524,514.144692,0.050000
53.040000,514.348955,514.106162,0.050000
53.060000,514.310381,514.067625,0.050000
53.080000,514.271802,514.029084,0.050000
53.100000,514.233218,513.990538,0.050000
53.120000,514.194629,513.951987,0.050000
53.140000,514.156035,513.913431,0.050000
53.160000,514.117436,513.874870,0.050000
53.180000,514.078833,513.836305,0.050000
53.200000,514.040224,513.797734,0.050000
53.220000,514.001610,513.759158,0.050000
53.240000,513.962992,513.720578,0.050000
53.260000,513.924369,513.681993,0.050000
53.280000,513.885741,513.643403,0.050000
53.300000,513.847108,513.604808,0.050000
53.320000,513.808471,513.566208,0.050000
53.340000,513.769828,513.527604,0.050000
53.360000,513.731181,513.488995,0.050000
53.380000,513.692530,513.450381,0.050000
53.400000,513.653873,513.411763,0.050000
53.420000,513.615212,513.373140,0.050000
53.440000,513.576547,513.334512,0.050000
53.460000,513.537877,513.295880,0.050000
53.480000,513.499202,513.257243,0.050000
53.500000,513.460523,513.218602,0.050000
53.520000,513.421839,513.179956,0.050000
53.540000,513.383150,513.141305,0.050000
53.560000,513.344457,513.102650,0.050000
53.580000,513.305760,513.063991,0.050000
53.600000,513.267058,513.025327,0.050000
53.620000,513.228352,512.986658,0.050000
53.640000,513.189641,512.947986,0.050000
53.660000,513.150926,512.909308,0.050000
53.680000,513.112207,512.870627,0.050000
53.700000,513.073483,512.831941,0.050000
53.720000,513.034755,512.793251,0.050000
53.740000,512.996023,512.754556,0.050000
53.760000,512.957286,512.715858,0.050000
53.780000,512.918545,512.677154,0.050000
53.800000,512.879800,512.638447,0.050000
53.820000,512.841050,512.599736,0.050000
53.840000,512.802297,512.561020,0.050000
53.860000,512.763539,512.522300,0.050000
53.880000,512.724777,512.483576,0.050000
53.900000,512.686011,512.444848,0.050000
53.920000,512.647240,512.406115,0.050000
53.940000,512.608466,512.367379,0.050000
53.960000,512.569688,512.328638,0.050000
53.980000,512.530905,512.289894,0.050000
54.000000,512.492119,512.251145,0.050000
54.020000,512.453328,512.212392,0.050000
54.040000,512.414533,512.173635,0.050000
54.060000,512.375735,512.134875,0.050000
54.080000,512.336932,512.096110,0.050000
54.100000,512.298126,512.057342,0.050000
54.120000,512.259315,512.018569,0.050000
54.140000,512.220501,511.979793,0.050000
54.160000,512.181683,511.941012,0.050000
54.180000,512.142861,511.902228,0.050000
54.200000,512.104035,511.863440,0.050000
54.220000,512.065205,511.824648,0.050000
54.240000,512.026372,511.785853,0.050000
54.260000,511.987535,511.747053,0.050000
54.280000,511.948694,511.708250,0.050000
54.300000,511.909849,511.669443,0.050000
54.320000,511.871000,511.630632,0.050000
54.340000,511.832148,511.591818,0.050000
54.360000,511.793292,511.553000,0.050000
54.380000,511.754433,511.514178,0.050000
54.400000,511.715569,511.475353,0.050000
54.420000,511.676703,511.436524,0.050000
54.440000,511.637832,511.397691,0.050000
54.460000,511.598958,511.358855,0.050000
54.480000,511.560080,511.320015,0.050000
54.500000,511.521199,511.281172,0.050000
54.520000,511.482315,511.242325,0.050000
54.540000,511.443426,511.203475,0.050000
54.560000,511.404535,511.164621,0.050000
54.580000,511.365639,511.125763,0.050000
54.600000,511.326741,511.086902,0.050000
54.620000,511.287839,511.048038,0.050000
54.640000,511.248933,511.009170,0.050000
54.660000,511.210024,510.970299,0.050000
54.680000,511.171112,510.931425,0.050000
54.700000,511.132196,510.892547,0.050000
54.720000,511.093277,510.853666,0.050000
54.740000,511.054355,510.814781,0.050000
54.760000,511.015429,510.775893,0.050000
54.780000,510.976501,510.737002,0.050000
54.800000,510.937568,510.698108,0.050000
54.820000,510.898633,510.659210,0.050000
54.840000,510.859694,510.620309,0.050000
54.860000,510.820752,510.581405,0.050000
54.880000,510.781807,510.542498,0.050000
54.900000,510.742859,510.503587,0.050000
54.920000,510.703908,510.464674,0.050000
54.940000,510.664953,510.425757,0.050000
54.960000,510.625995,510.386837,0.050000
54.980000,510.587034,510.347914,0.050000
55.000000,510.548071,510.308988,0.050000
55.020000,510.509104,510.270059,0.050000
55.040000,510.470134,510.231126,0.050000
55.060000,510.431161,510.192191,0.050000
55.080000,510.392184,510.153253,0.050000
55.100000,510.353205,510.114311,0.050000
55.120000,510.314223,510.075367,0.050000
55.140000,510.275238,510.036420,0.050000
55.160000,510.236250,509.997470,0.050000
55.180000,510.197259,509.958516,0.050000
55.200000,510.158266,509.919560,0.050000
55.220000,510.119269,509.880601,0.050000
55.240000,510.080269,509.841639,0.050000
55.260000,510.041267,509.802675,0.050000
55.280000,510.002262,509.763707,0.050000
55.300000,509.963254,509.724737,0.050000
55.320000,509.924243,509.685764,0.050000
55.340000,509.885229,509.646788,0.050000
55.360000,509.846213,509.607809,0.050000
55.380000,509.807193,509.568827,0.050000
55.400000,509.768171,509.529843,0.050000
55.420000,509.729147,509.490856,0.050000
55.440000,509.690119,509.451866,0.050000
55.460000,509.651089,509.412874,0.050000
55.480000,509.612056,509.373879,0.050000
55.500000,509.573021,509.334881,0.050000
55.520000,509.533983,509.295881,0.050000
55.540000,509.494942,509.256878,0.050000
55.560000,509.455899,509.217872,0.050000
55.580000,509.416853,509.178864,0.050000
55.600000,509.377805,509.139853,0.050000
55.620000,509.338754,509.100840,0.050000
55.640000,509.299700,509.061824,0.050000
55.660000,509.260644,509.022806,0.050000
55.680000,509.221586,508.983785,0.050000
55.700000,509.182525,508.944762,0.050000
55.720000,509.143461,508.905736,0.050000
55.740000,509.104396,508.866707,0.050000
55.760000,509.065327,508.827677,0.050000
55.780000,509.026256,508.788644,0.050000
55.800000,508.987183,508.749608,0.050000
55.820000,508.948108,508.710570,0.050000
55.840000,508.909030,508.671530,0.050000
55.860000,508.869949,508.632487,0.050000
55.880000,508.830867,508.593442,0.050000
55.900000,508.791782,508.554395,0.050000
55.920000,508.752695,508.515345,0.050000
55.940000,508.713605,508.476293,0.050000
55.960000,508.674513,508.437239,0.050000
55.980000,508.635419,508.398183,0.050000
56.000000,508.596323,508.359124,0.050000
56.020000,508.557224,508.320063,0.050000
56.040000,508.518124,508.281000,0.050000
56.060000,508.479021,508.241934,0.050000
56.080000,508.439916,508.202867,0.050000
56.100000,508.400808,508.163797,0.050000
56.120000,508.361699,508.124725,0.050000
56.140000,508.322587,508.085651,0.050000
56.160000,508.283474,508.046575,0.050000
56.180000,508.244358,508.007497,0.050000
56.200000,508.205240,507.968417,0.050000
56.220000,508.166120,507.929334,0.050000
56.240000,508.126998,507.890250,0.050000
56.260000,508.087874,507.851163,0.050000
56.280000,508.048748,507.812075,0.050000
56.300000,508.009620,507.772984,0.050000
56.320000,507.970490,507.733892,0.050000
56.340000,507.931358,507.694797,0.050000
56.360000,507.892224,507.655701,0.050000
56.380000,507.853088,507.616603,0.050000
56.400000,507.813950,507.577502,0.050000
56.420000,507.774811,507.538400,0.050000
56.440000,507.735669,507.499296,0.050000
56.460000,507.696525,507.460190,0.050000
56.480000,507.657380,507.421082,0.050000
56.500000,507.618233,507.381972,0.050000
56.520000,507.579084,507.342861,0.050000
56.540000,507.539933,507.303747,0.050000
56.560000,507.500780,507.264632,0.050000
56.580000,507.461625,507.225515,0.050000
56.600000,507.422469,507.186396,0.050000
56.620000,507.383311,507.147275,0.050000
56.640000,507.344151,507.108153,0.050000
56.660000,507.304990,507.069029,0.050000
56.680000,507.265827,507.029903,0.050000
56.700000,507.226662,506.990776,0.050000
56.720000,507.187495,506.951646,0.050000
56.740000,507.148327,506.912516,0.050000
56.760000,507.109157,506.873383,0.050000
56.780000,507.069985,506.834249,0.050000
56.800000,507.030812,506.795113,0.050000
56.820000,506.991637,506.755976,0.050000
56.840000,506.952460,506.716836,0.050000
56.860000,506.913282,506.677696,0.050000
56.880000,506.874103,506.638554,0.050000
56.900000,506.834921,506.599410,0.050000
56.920000,506.795739,506.560264,0.050000
56.940000,506.756554,506.521118,0.050000
56.960000,506.717369,506.481969,0.050000
56.980000,506.678181,506.442819,0.050000
57.000000,506.638993,506.403668,0.050000
57.020000,506.599802,506.364515,0.050000
57.040000,506.560611,506.325361,0.050000
57.060000,506.521417,506.286205,0.050000
57.080000,506.482223,506.247048,0.050000
57.100000,506.443027,506.207889,0.050000
57.120000,506.403829,506.168729,0.050000
57.140000,506.364631,506.129567,0.050000
57.160000,506.325430,506.090405,0.050000
57.180000,506.286229,506.051240,0.050000
57.200000,506.247026,506.012075,0.050000
57.220000,506.207822,505.972908,0.050000
57.240000,506.168616,505.933740,0.050000
57.260000,506.129409,505.894570,0.050000
57.280000,506.090201,505.855399,0.050000
57.300000,506.050992,505.816227,0.050000
57.320000,506.011781,505.777054,0.050000
57.340000,505.972569,505.737879,0.050000
57.360000,505.933356,505.698703,0.050000
57.380000,505.894142,505.659526,0.050000
57.400000,505.854926,505.620348,0.050000
57.420000,505.815709,505.581168,0.050000
57.440000,505.776491,505.541988,0.050000
57.460000,505.737272,505.502806,0.050000
57.480000,505.698052,505.463623,0.050000
57.500000,505.658830,505.424439,0.050000
57.520000,505.619608,505.385253,0.050000
57.540000,505.580384,505.346067,0.050000
57.560000,505.541159,505.306879,0.050000
57.580000,505.501933,505.267691,0.050000
57.600000,505.462706,505.228501,0.050000
57.620000,505.423478,505.189310,0.050000
57.640000,505.384249,505.150118,0.050000
57.660000,505.345019,505.110925,0.050000
57.680000,505.305788,505.071731,0.050000
57.700000,505.266555,505.032536,0.050000
57.720000,505.227322,504.993340,0.050000
57.740000,505.188088,504.954143,0.050000
57.760000,505.148853,504.914945,0.050000
57.780000,505.109617,504.875747,0.050000
57.800000,505.070380,504.836547,0.050000
57.820000,505.031142,504.797346,0.050000
57.840000,504.991903,504.758144,0.050000
57.860000,504.952663,504.718942,0.050000
57.880000,504.913422,504.679738,0.050000
57.900000,504.874181,504.640534,0.050000
57.920000,504.834938,504.601328,0.050000
57.940000,504.795695,504.562122,0.050000
57.960000,504.756451,504.522915,0.050000
57.980000,504.717206,504.483707,0.050000
58.000000,504.677960,504.444499,0.050000
58.020000,504.638713,504.405289,0.050000
58.040000,504.599466,504.366079,0.050000
58.060000,504.560218,504.326868,0.050000
58.080000,504.520969,504.287656,0.050000
58.100000,504.481719,504.248443,0.050000
58.120000,504.442469,504.209230,0.050000
58.140000,504.403217,504.170016,0.050000
58.160000,504.363965,504.130801,0.050000
58.180000,504.324713,504.091586,0.050000
58.200000,504.285459,504.052369,0.050000
58.220000,504.246205,504.013152,0.050000
58.240000,504.206951,503.973935,0.050000
58.260000,504.167695,503.934716,0.050000
58.280000,504.128439,503.895498,0.050000
58.300000,504.089183,503.856278,0.050000
58.320000,504.049925,503.817058,0.050000
58.340000,504.010668,503.777837,0.050000
58.360000,503.971409,503.738616,0.050000
58.380000,503.932150,503.699394,0.050000
58.400000,503.892890,503.660171,0.050000
58.420000,503.853630,503.620948,0.050000
58.440000,503.814369,503.581724,0.050000
58.460000,503.775108,503.542500,0.050000
58.480000,503.735846,503.503275,0.050000
58.500000,503.696584,503.464050,0.050000
58.520000,503.657321,503.424824,0.050000
58.540000,503.618058,503.385598,0.050000
58.560000,503.578794,503.346371,0.050000
58.580000,503.539530,503.307143,0.050000
58.600000,503.500265,503.267916,0.050000
58.620000,503.461000,503.228687,0.050000
58.640000,503.421734,503.189459,0.050000
58.660000,503.382468,503.150230,0.050000
58.680000,503.343202,503.111000,0.050000
58.700000,503.303935,503.071770,0.050000
58.720000,503.264668,503.032540,0.050000
58.740000,503.225400,502.993309,0.050000
58.760000,503.186132,502.954078,0.050000
58.780000,503.146864,502.914847,0.050000
58.800000,503.107595,502.875615,0.050000
58.820000,503.068326,502.836383,0.050000
58.840000,503.029057,502.797151,0.050000
58.860000,502.989787,502.757918,0.050000
58.880000,502.950517,502.718685,0.050000
58.900000,502.911247,502.679452,0.050000
58.920000,502.871976,502.640218,0.050000
58.940000,502.832706,502.600984,0.050000
58.960000,502.793435,502.561750,0.050000
58.980000,502.754163,502.522516,0.050000
59.000000,502.714892,502.483281,0.050000
59.020000,502.675620,502.444046,0.050000
59.040000,502.636348,502.404811,0.050000
59.060000,502.597076,502.365576,0.050000
59.080000,502.557804,502.326341,0.050000
59.100000,502.518531,502.287105,0.050000
59.120000,502.479259,502.247869,0.050000
59.140000,502.439986,502.208633,0.050000
59.160000,502.400713,502.169397,0.050000
59.180000,502.361440,502.130161,0.050000
59.200000,502.322167,502.090925,0.050000
59.220000,502.282894,502.051688,0.050000
59.240000,502.243620,502.012452,0.050000
59.260000,502.204347,501.973215,0.050000
59.280000,502.165073,501.933978,0.050000
59.300000,502.125800,501.894741,0.050000
59.320000,502.086526,501.855505,0.050000
59.340000,502.047252,501.816268,0.050000
59.360000,502.007978,501.777031,0.050000
59.380000,501.968705,501.737794,0.050000
59.400000,501.929431,501.698557,0.050000
59.420000,501.890157,501.659320,0.050000
59.440000,501.850883,501.620083,0.050000
59.460000,501.811609,501.580846,0.050000
59.480000,501.772336,501.541609,0.050000
59.500000,501.733062,501.502372,0.050000
59.520000,501.693788,501.463135,0.050000
59.540000,501.654515,501.423898,0.050000
59.560000,501.615241,501.384661,0.050000
59.580000,501.575968,501.345424,0.050000
59.600000,501.536694,501.306188,0.050000
59.620000,501.497421,501.266951,0.050000
59.640000,501.458148,501.227715,0.050000
59.660000,501.418875,501.188478,0.050000
59.680000,501.379602,501.149242,0.050000
59.700000,501.340329,501.110006,0.050000
59.720000,501.301057,501.070770,0.050000
59.740000,501.261784,501.031534,0.050000
59.760000,501.222512,500.992299,0.050000
59.780000,501.183240,500.953063,0.050000
59.800000,501.143968,500.913828,0.050000
59.820000,501.104696,500.874593,0.050000
59.840000,501.065425,500.835358,0.050000
59.860000,501.026154,500.796124,0.050000
59.880000,500.986883,500.756889,0.050000
59.900000,500.947612,500.717655,0.050000
59.920000,500.908341,500.678421,0.050000
59.940000,500.869071,500.639188,0.050000
59.960000,500.829801,500.599954,0.050000
59.980000,500.790531,500.560721,0.050000
60.000000,500.751262,500.521488,0.050000
60.020000,500.711993,500.482256,0.050000
60.040000,500.672724,500.443023,0.050000
60.060000,500.633456,500.403792,0.050000
60.080000,500.594187,500.364560,0.050000
60.100000,500.554920,500.325329,0.050000
60.120000,500.515652,500.286098,0.050000
60.140000,500.476385,500.246867,0.050000
60.160000,500.437118,500.207637,0.050000
60.180000,500.397852,500.168407,0.050000
60.200000,500.358586,500.129178,0.050000
60.220000,500.319320,500.089949,0.050000
60.240000,500.280055,500.050720,0.050000
60.260000,500.240790,500.011492,0.050000
60.280000,500.201526,499.972264,0.050000
60.300000,500.162262,499.933037,0.050000
60.320000,500.122999,499.893810,0.050000
60.340000,500.083736,499.854583,0.050000
60.360000,500.044473,499.815357,0.050000
60.380000,500.005211,499.776131,0.050000
60.400000,499.965949,499.736906,0.050000
60.420000,499.926688,499.697682,0.050000
60.440000,499.887428,499.658458,0.050000
60.460000,499.848168,499.619234,0.050000
60.480000,499.808908,499.580011,0.050000
60.500000,499.769649,499.540788,0.050000
60.520000,499.730391,499.501566,0.050000
60.540000,499.691133,499.462345,0.050000
60.560000,499.651875,499.423124,0.050000
60.580000,499.612618,499.383903,0.050000
60.600000,499.573362,499.344683,0.050000
60.620000,499.534106,499.305464,0.050000
60.640000,499.494851,499.266245,0.050000
60.660000,499.455597,499.227027,0.050000
60.680000,499.416343,499.187810,0.050000
60.700000,499.377090,499.148593,0.050000
60.720000,499.337837,499.109377,0.050000
60.740000,499.298585,499.070161,0.050000
60.760000,499.259334,499.030946,0.050000
60.780000,499.220083,498.991732,0.050000
60.800000,499.180833,498.952518,0.050000
60.820000,499.141584,498.913305,0.050000
60.840000,499.102335,498.874093,0.050000
60.860000,499.063087,498.834881,0.050000
60.880000,499.023840,498.795670,0.050000
60.900000,498.984593,498.756460,0.050000
60.920000,498.945347,498.717250,0.050000
60.940000,498.906102,498.678041,0.050000
60.960000,498.866857,498.638833,0.050000
60.980000,498.827614,498.599626,0.050000
61.000000,498.788371,498.560419,0.050000
61.020000,498.749129,498.521213,0.050000
61.040000,498.709887,498.482008,0.050000
61.060000,498.670647,498.442804,0.050000
61.080000,498.631407,498.403600,0.050000
61.100000,498.592168,498.364397,0.050000
61.120000,498.552929,498.325195,0.050000
61.140000,498.513692,498.285994,0.050000
61.160000,498.474455,498.246794,0.050000
61.180000,498.435220,498.207594,0.050000
61.200000,498.395985,498.168395,0.050000
61.220000,498.356750,498.129197,0.050000
61.240000,498.317517,498.090000,0.050000
61.260000,498.278285,498.050804,0.050000
61.280000,498.239053,498.011609,0.050000
61.300000,498.199823,497.972414,0.050000
61.320000,498.160593,497.933221,0.050000
61.340000,498.121364,497.894028,0.050000
61.360000,498.082136,497.854836,0.050000
61.380000,498.042909,497.815645,0.050000
61.400000,498.003683,497.776455,0.050000
61.420000,497.964457,497.737266,0.050000
61.440000,497.925233,497.698078,0.050000
61.460000,497.886010,497.658891,0.050000
61.480000,497.846787,497.619704,0.050000
61.500000,497.807566,497.580519,0.050000
61.520000,497.768345,497.541335,0.050000
61.540000,497.729126,497.502151,0.050000
61.560000,497.689907,497.462969,0.050000
61.580000,497.650690,497.423788,0.050000
61.600000,497.611473,497.384607,0.050000
61.620000,497.572258,497.345428,0.050000
61.640000,497.533043,497.306249,0.050000
61.660000,497.493830,497.267072,0.050000
61.680000,497.454617,497.227895,0.050000
61.700000,497.415406,497.188720,0.050000
61.720000,497.376195,497.149546,0.050000
61.740000,497.336986,497.110372,0.050000
61.760000,497.297778,497.071200,0.050000
61.780000,497.258571,497.032029,0.050000
61.800000,497.219364,496.992859,0.050000
61.820000,497.180159,496.953690,0.050000
61.840000,497.140955,496.914522,0.050000
61.860000,497.101752,496.875355,0.050000
61.880000,497.062551,496.836189,0.050000
61.900000,497.023350,496.797025,0.050000
61.920000,496.984151,496.757861,0.050000
61.940000,496.944952,496.718699,0.050000
61.960000,496.905755,496.679537,0.050000
61.980000,496.866559,496.640377,0.050000
62.000000,496.827364,496.601218,0.050000
62.020000,496.788170,496.562060,0.050000
62.040000,496.748977,496.522904,0.050000
62.060000,496.709786,496.483748,0.050000
62.080000,496.670596,496.444594,0.050000
62.100000,496.631407,496.405441,0.050000
62.120000,496.592219,496.366289,0.050000
62.140000,496.553032,496.327138,0.050000
62.160000,496.513847,496.287988,0.050000
62.180000,496.474662,496.248840,0.050000
62.200000,496.435479,496.209693,0.050000
62.220000,496.396298,496.170547,0.050000
62.240000,496.357117,496.131402,0.050000
62.260000,496.317938,496.092259,0.050000
62.280000,496.278760,496.053117,0.050000
62.300000,496.239583,496.013976,0.050000
62.320000,496.200408,495.974836,0.050000
62.340000,496.161233,495.935698,0.050000
62.360000,496.122060,495.896561,0.050000
62.380000,496.082889,495.857425,0.050000
62.400000,496.043718,495.818291,0.050000
62.420000,496.004549,495.779157,0.050000
62.440000,495.965382,495.740025,0.050000
62.460000,495.926215,495.700895,0.050000
62.480000,495.887050,495.661766,0.050000
62.500000,495.847886,495.622638,0.050000
62.520000,495.808724,495.583511,0.050000
62.540000,495.769563,495.544386,0.050000
62.560000,495.730403,495.505262,0.050000
62.580000,495.691245,495.466139,0.050000
62.600000,495.652088,495.427018,0.050000
62.620000,495.612932,495.387898,0.050000
62.640000,495.573778,495.348780,0.050000
62.660000,495.534625,495.309663,0.050000
62.680000,495.495474,495.270547,0.050000
62.700000,495.456324,495.231433,0.050000
62.720000,495.417175,495.192320,0.050000
62.740000,495.378028,495.153208,0.050000
62.760000,495.338883,495.114098,0.050000
62.780000,495.299738,495.074990,0.050000
62.800000,495.260595,495.035883,0.050000
62.820000,495.221454,494.996777,0.050000
62.840000,495.182314,494.957673,0.050000
62.860000,495.143175,494.918570,0.050000
62.880000,495.104038,494.879468,0.050000
62.900000,495.064903,494.840368,0.050000
62.920000,495.025769,494.801270,0.050000
62.940000,494.986636,494.762173,0.050000
62.960000,494.947505,494.723078,0.050000
62.980000,494.908375,494.683984,0.050000
63.000000,494.869247,494.644891,0.050000
63.020000,494.830121,494.605800,0.050000
63.040000,494.790996,494.566711,0.050000
63.060000,494.751872,494.527623,0.050000
63.080000,494.712750,494.488536,0.050000
63.100000,494.673630,494.449451,0.050000
63.120000,494.634511,494.410368,0.050000
63.140000,494.595393,494.371286,0.050000
63.160000,494.556277,494.332206,0.050000
63.180000,494.517163,494.293127,0.050000
63.200000,494.478050,494.254050,0.050000
63.220000,494.438939,494.214975,0.050000
63.240000,494.399830,494.175901,0.050000
63.260000,494.360722,494.136828,0.050000
63.280000,494.321616,494.097757,0.050000
63.300000,494.282511,494.058688,0.050000
63.320000,494.243408,494.019620,0.050000
63.340000,494.204306,493.980554,0.050000
63.360000,494.165206,493.941490,0.050000
63.380000,494.126108,493.902427,0.050000
63.400000,494.087011,493.863366,0.050000
63.420000,494.047916,493.824307,0.050000
63.440000,494.008823,493.785249,0.050000
63.460000,493.969731,493.746193,0.050000
63.480000,493.930641,493.707138,0.050000
63.500000,493.891553,493.668085,0.050000
63.520000,493.852466,493.629034,0.050000
63.540000,493.813381,493.589984,0.050000
63.560000,493.774298,493.550936,0.050000
63.580000,493.735216,493.511890,0.050000
63.600000,493.696136,493.472846,0.050000
63.620000,493.657058,493.433803,0.050000
63.640000,493.617982,493.394762,0.050000
63.660000,493.578907,493.355722,0.050000
63.680000,493.539834,493.316685,0.050000
63.700000,493.500762,493.277649,0.050000
63.720000,493.461693,493.238614,0.050000
63.740000,493.422625,493.199582,0.050000
63.760000,493.383559,493.160551,0.050000
63.780000,493.344494,493.121522,0.050000
63.800000,493.305432,493.082495,0.050000
63.820000,493.266371,493.043469,0.050000
63.840000,493.227312,493.004445,0.050000
63.860000,493.188254,492.965423,0.050000
63.880000,493.149199,492.926403,0.050000
63.900000,493.110145,492.887385,0.050000
63.920000,493.071093,492.848368,0.050000
63.940000,493.032043,492.809353,0.050000
63.960000,492.992994,492.770340,0.050000
63.980000,492.953948,492.731329,0.050000
64.000000,492.914903,492.692319,0.050000
64.020000,492.875860,492.653311,0.050000
64.040000,492.836819,492.614306,0.050000
64.060000,492.797780,492.575301,0.050000
64.080000,492.758742,492.536299,0.050000
64.100000,492.719707,492.497299,0.050000
64.120000,492.680673,492.458300,0.050000
64.140000,492.641641,492.419304,0.050000
64.160000,492.602611,492.380309,0.050000
64.180000,492.563583,492.341316,0.050000
64.200000,492.524556,492.302325,0.050000
64.220000,492.485532,492.263336,0.050000
64.240000,492.446509,492.224348,0.050000
64.260000,492.407489,492.185363,0.050000
64.280000,492.368470,492.146379,0.050000
64.300000,492.329453,492.107398,0.050000
64.320000,492.290438,492.068418,0.050000
64.340000,492.251425,492.029440,0.050000
64.360000,492.212414,491.990464,0.050000
64.380000,492.173405,491.951490,0.050000
64.400000,492.134398,491.912518,0.050000
64.420000,492.095392,491.873547,0.050000
64.440000,492.056389,491.834579,0.050000
64.460000,492.017387,491.795613,0.050000
64.480000,491.978388,491.756648,0.050000
64.500000,491.939390,491.717686,0.050000
64.520000,491.900395,491.678725,0.050000
64.540000,491.861401,491.639767,0.050000
64.560000,491.822409,491.600810,0.050000
64.580000,491.783420,491.561856,0.050000
64.600000,491.744432,491.522903,0.050000
64.620000,491.705446,491.483952,0.050000
64.640000,491.666463,491.445004,0.050000
64.660000,491.627481,491.406057,0.050000
64.680000,491.588501,491.367112,0.050000
64.700000,491.549523,491.328170,0.050000
64.720000,491.510548,491.289229,0.050000
64.740000,491.471574,491.250290,0.050000
64.760000,491.432602,491.211353,0.050000
64.780000,491.393633,491.172419,0.050000
64.800000,491.354665,491.133486,0.050000
64.820000,491.315699,491.094556,0.050000
64.840000,491.276736,491.055627,0.050000
64.860000,491.237774,491.016701,0.050000
64.880000,491.198815,490.977776,0.050000
64.900000,491.159858,490.938854,0.050000
64.920000,491.120902,490.899933,0.050000
64.940000,491.081949,490.861015,0.050000
64.960000,491.042998,490.822099,0.050000
64.980000,491.004049,490.783185,0.050000
65.000000,490.965102,490.744273,0.050000
65.020000,490.926157,490.705363,0.050000
65.040000,490.887214,490.666455,0.050000
65.060000,490.848273,490.627549,0.050000
65.080000,490.809335,490.588645,0.050000
65.100000,490.770398,490.549743,0.050000
65.120000,490.731464,490.510844,0.050000
65.140000,490.692532,490.471947,0.050000
65.160000,490.653601,490.433051,0.050000
65.180000,490.614673,490.394158,0.050000
65.200000,490.575748,490.355267,0.050000
65.220000,490.536824,490.316378,0.050000
65.240000,490.497902,490.277491,0.050000
65.260000,490.458983,490.238607,0.050000
65.280000,490.420065,490.199724,0.050000
65.300000,490.381150,490.160844,0.050000
65.320000,490.342237,490.121966,0.050000
65.340000,490.303326,490.083090,0.050000
65.360000,490.264418,490.044216,0.050000
65.380000,490.225511,490.005344,0.050000
65.400000,490.186607,489.966475,0.050000
65.420000,490.147705,489.927607,0.050000
65.440000,490.108805,489.888742,0.050000
65.460000,490.069907,489.849879,0.050000
65.480000,490.031012,489.811018,0.050000
65.500000,489.992119,489.772160,0.050000
65.520000,489.953227,489.733303,0.050000
65.540000,489.914339,489.694449,0.050000
65.560000,489.875452,489.655597,0.050000
65.580000,489.836567,489.616748,0.050000
65.600000,489.797685,489.577900,0.050000
65.620000,489.758805,489.539055,0.050000
65.640000,489.719927,489.500212,0.050000
65.660000,489.681052,489.461371,0.050000
65.680000,489.642179,489.422532,0.050000
65.700000,489.603308,489.383696,0.050000
65.720000,489.564439,489.344862,0.050000
65.740000,489.525573,489.306030,0.050000
65.760000,489.486708,489.267200,0.050000
65.780000,489.447846,489.228373,0.050000
65.800000,489.408987,489.189548,0.050000
65.820000,489.370129,489.150725,0.050000
65.840000,489.331274,489.111905,0.050000
65.860000,489.292421,489.073087,0.050000
65.880000,489.253571,489.034271,0.050000
65.900000,489.214723,488.995457,0.050000
65.920000,489.175877,488.956646,0.050000
65.940000,489.137033,488.917837,0.050000
65.960000,489.098192,488.879030,0.050000
65.980000,489.059353,488.840225,0.050000
66.000000,489.020516,488.801423,0.050000
66.020000,488.981682,488.762623,0.050000
66.040000,488.942850,488.723826,0.050000
66.060000,488.904020,488.685031,0.050000
66.080000,488.865192,488.646238,0.050000
66.100000,488.826367,488.607447,0.050000
66.120000,488.787545,488.568659,0.050000
66.140000,488.748724,488.529873,0.050000
66.160000,488.709906,488.491090,0.050000
66.180000,488.671091,488.452309,0.050000
66.200000,488.632277,488.413530,0.050000
66.220000,488.593467,488.374753,0.050000
66.240000,488.554658,488.335979,0.050000
66.260000,488.515852,488.297208,0.050000
66.280000,488.477048,488.258438,0.050000
66.300000,488.438247,488.219671,0.050000
66.320000,488.399448,488.180907,0.050000
66.340000,488.360651,488.142145,0.050000
66.360000,488.321857,488.103385,0.050000
66.380000,488.283065,488.064627,0.050000
66.400000,488.244275,488.025872,0.050000
66.420000,488.205488,487.987120,0.050000
66.440000,488.166704,487.948369,0.050000
66.460000,488.127922,487.909622,0.050000
66.480000,488.089142,487.870876,0.050000
66.500000,488.050364,487.832133,0.050000
66.520000,488.011589,487.793393,0.050000
66.540000,487.972817,487.754654,0.050000
66.560000,487.934047,487.715919,0.050000
66.580000,487.895279,487.677185,0.050000
66.600000,487.856514,487.638455,0.050000
66.620000,487.817751,487.599726,0.050000
66.640000,487.778991,487.561000,0.050000
66.660000,487.740233,487.522277,0.050000
66.680000,487.701478,487.483556,0.050000
66.700000,487.662725,487.444837,0.050000
66.720000,487.623974,487.406121,0.050000
66.740000,487.585227,487.367407,0.050000
66.760000,487.546481,487.328696,0.050000
66.780000,487.507738,487.289987,0.050000
66.800000,487.468997,487.251281,0.050000
66.820000,487.430259,487.212577,0.050000
66.840000,487.391524,487.173876,0.050000
66.860000,487.352791,487.135177,0.050000
66.880000,487.314060,487.096481,0.050000
66.900000,487.275332,487.057787,0.050000
66.920000,487.236607,487.019095,0.050000
66.940000,487.197883,486.980406,0.050000
66.960000,487.159163,486.941720,0.050000
66.980000,487.120445,486.903036,0.050000
67.000000,487.081729,486.864355,0.050000
67.020000,487.043016,486.825676,0.050000
67.040000,487.004306,486.787000,0.050000
67.060000,486.965598,486.748326,0.050000
67.080000,486.926893,486.709655,0.050000
67.100000,486.888190,486.670986,0.050000
67.120000,486.849490,486.632320,0.050000
67.140000,486.810792,486.593656,0.050000
67.160000,486.772097,486.554995,0.050000
67.180000,486.733404,486.516337,0.050000
67.200000,486.694714,486.477681,0.050000
67.220000,486.656026,486.439027,0.050000
67.240000,486.617341,486.400376,0.050000
67.260000,486.578659,486.361728,0.050000
67.280000,486.539979,486.323082,0.050000
67.300000,486.501302,486.284439,0.050000
67.320000,486.462627,486.245799,0.050000
67.340000,486.423955,486.207161,0.050000
67.360000,486.385286,486.168525,0.050000
67.380000,486.346619,486.129892,0.050000
67.400000,486.307954,486.091262,0.050000
67.420000,486.269293,486.052634,0.050000
67.440000,486.230634,486.014009,0.050000
67.460000,486.191977,485.975387,0.050000
67.480000,486.153323,485.936767,0.050000
67.500000,486.114672,485.898150,0.050000
67.520000,486.076023,485.859535,0.050000
67.540000,486.037377,485.820923,0.050000
67.560000,485.998734,485.782313,0.050000
67.580000,485.960093,485.743706,0.050000
67.600000,485.921455,485.705102,0.050000
67.620000,485.882819,485.666501,0.050000
67.640000,485.844186,485.627902,0.050000
67.660000,485.805556,485.589305,0.050000
67.680000,485.766928,485.550712,0.050000
67.700000,485.728303,485.512121,0.050000
67.720000,485.689681,485.473532,0.050000
67.740000,485.651061,485.434946,0.050000
67.760000,485.612444,485.396363,0.050000
67.780000,485.573830,485.357783,0.050000
67.800000,485.535218,485.319205,0.050000
67.820000,485.496609,485.280630,0.050000
67.840000,485.458003,485.242057,0.050000
67.860000,485.419399,485.203487,0.050000
67.880000,485.380798,485.164920,0.050000
67.900000,485.342200,485.126356,0.050000
67.920000,485.303604,485.087794,0.050000
67.940000,485.265011,485.049235,0.050000
67.960000,485.226421,485.010678,0.050000
67.980000,485.187833,484.972124,0.050000
68.000000,485.149248,484.933573,0.050000
68.020000,485.110666,484.895025,0.050000
68.040000,485.072086,484.856479,0.050000
68.060000,485.033510,484.817936,0.050000
68.080000,484.994935,484.779396,0.050000
68.100000,484.956364,484.740858,0.050000
68.120000,484.917795,484.702323,0.050000
68.140000,484.879230,484.663791,0.050000
68.160000,484.840666,484.625262,0.050000
68.180000,484.802106,484.586735,0.050000
68.200000,484.763548,484.548211,0.050000
68.220000,484.724993,484.509690,0.050000
68.240000,484.686441,484.471171,0.050000
68.260000,484.647891,484.432655,0.050000
68.280000,484.609344,484.394142,0.050000
68.300000,484.570800,484.355632,0.050000
68.320000,484.532259,484.317124,0.050000
68.340000,484.493720,484.278619,0.050000
68.360000,484.455184,484.240117,0.050000
68.380000,484.416651,484.201617,0.050000
68.400000,484.378121,484.163121,0.050000
68.420000,484.339593,484.124627,0.050000
68.440000,484.301069,484.086136,0.050000
68.460000,484.262547,484.047647,0.050000
68.480000,484.224027,484.009162,0.050000
68.500000,484.185511,483.970679,0.050000
68.520000,484.146997,483.932199,0.050000
68.540000,484.108486,483.893721,0.050000
68.560000,484.069978,483.855247,0.050000
68.580000,484.031473,483.816775,0.050000
68.600000,483.992970,483.778306,0.050000
68.620000,483.954470,483.739840,0.050000
68.640000,483.915973,483.701376,0.050000
68.660000,483.877479,483.662916,0.050000
68.680000,483.838988,483.624458,0.050000
68.700000,483.800499,483.586003,0.050000
68.720000,483.762013,483.547551,0.050000
68.740000,483.723530,483.509101,0.050000
68.760000,483.685050,483.470655,0.050000
68.780000,483.646573,483.432211,0.050000
68.800000,483.608098,483.393770,0.050000
68.820000,483.569626,483.355332,0.050000
68.840000,483.531158,483.316896,0.050000
68.860000,483.492691,483.278464,0.050000
68.880000,483.454228,483.240034,0.050000
68.900000,483.415768,483.201607,0.050000
68.920000,483.377310,483.163183,0.050000
68.940000,483.338856,483.124761,0.050000
68.960000,483.300404,483.086343,0.050000
68.980000,483.261955,483.047927,0.050000
69.000000,483.223508,483.009515,0.050000
69.020000,483.185065,482.971105,0.050000
69.040000,483.146625,482.932698,0.050000
69.060000,483.108187,482.894293,0.050000
69.080000,483.069752,482.855892,0.050000
69.100000,483.031320,482.817493,0.050000
69.120000,482.992891,482.779098,0.050000
69.140000,482.954465,482.740705,0.050000
69.160000,482.916041,482.702315,0.050000
69.180000,482.877621,482.663928,0.050000
69.200000,482.839203,482.625544,0.050000
69.220000,482.800789,482.587162,0.050000
69.240000,482.762377,482.548784,0.050000
69.260000,482.723968,482.510408,0.050000
69.280000,482.685562,482.472035,0.050000
69.300000,482.647159,482.433666,0.050000
69.320000,482.608758,482.395299,0.050000
69.340000,482.570361,482.356934,0.050000
69.360000,482.531966,482.318573,0.050000
69.380000,482.493575,482.280215,0.050000
69.400000,482.455186,482.241859,0.050000
69.420000,482.416800,482.203507,0.050000
69.440000,482.378417,482.165157,0.050000
69.460000,482.340037,482.126810,0.050000
69.480000,482.301660,482.088467,0.050000
69.500000,482.263286,482.050126,0.050000
69.520000,482.224915,482.011788,0.050000
69.540000,482.186546,481.973453,0.050000
69.560000,482.148181,481.935120,0.050000
69.580000,482.109818,481.896791,0.050000
69.600000,482.071459,481.858465,0.050000
69.620000,482.033102,481.820141,0.050000
69.640000,481.994748,481.781821,0.050000
69.660000,481.956398,481.743503,0.050000
69.680000,481.918050,481.705188,0.050000
69.700000,481.879705,481.666877,0.050000
69.720000,481.841363,481.628568,0.050000
69.740000,481.803024,481.590262,0.050000
69.760000,481.764688,481.551959,0.050000
69.780000,481.726354,481.513659,0.050000
69.800000,481.688024,481.475362,0.050000
69.820000,481.649697,481.437068,0.050000
69.840000,481.611373,481.398777,0.050000
69.860000,481.573051,481.360488,0.050000
69.880000,481.534733,481.322203,0.050000
69.900000,481.496418,481.283921,0.050000
69.920000,481.458105,481.245641,0.050000
69.940000,481.419796,481.207365,0.050000
69.960000,481.381489,481.169092,0.050000
69.980000,481.343186,481.130821,0.050000
70.000000,481.304885,481.092554,0.050000
70.020000,481.266587,481.054289,0.050000
70.040000,481.228293,481.016027,0.050000
70.060000,481.190001,480.977769,0.050000
70.080000,481.151713,480.939513,0.050000
70.100000,481.113427,480.901261,0.050000
70.120000,481.075144,480.863011,0.050000
70.140000,481.036864,480.824764,0.050000
70.160000,480.998588,480.786521,0.050000
70.180000,480.960314,480.748280,0.050000
70.200000,480.922043,480.710042,0.050000
70.220000,480.883776,480.671807,0.050000
70.240000,480.845511,480.633576,0.050000
70.260000,480.807249,480.595347,0.050000
70.280000,480.768991,480.557121,0.050000
70.300000,480.730735,480.518898,0.050000
70.320000,480.692482,480.480679,0.050000
70.340000,480.654233,480.442462,0.050000
70.360000,480.615986,480.404248,0.050000
70.380000,480.577742,480.366038,0.050000
70.400000,480.539502,480.327830,0.050000
70.420000,480.501264,480.289625,0.050000
70.440000,480.463029,480.251424,0.050000
70.460000,480.424798,480.213225,0.050000
70.480000,480.386569,480.175029,0.050000
70.500000,480.348344,480.136837,0.050000
70.520000,480.310122,480.098647,0.050000
70.540000,480.271902,480.060461,0.050000
70.560000,480.233686,480.022277,0.050000
70.580000,480.195472,479.984096,0.050000
70.600000,480.157262,479.945919,0.050000
70.620000,480.119055,479.907745,0.050000
70.640000,480.080851,479.869573,0.050000
70.660000,480.042650,479.831405,0.050000
70.680000,480.004451,479.793240,0.050000
70.700000,479.966256,479.755077,0.050000
70.720000,479.928064,479.716918,0.050000
70.740000,479.889875,479.678762,0.050000
70.760000,479.851690,479.640609,0.050000
70.780000,479.813507,479.602459,0.050000
70.800000,479.775327,479.564312,0.050000
70.820000,479.737150,479.526168,0.050000
70.840000,479.698977,479.488027,0.050000
70.860000,479.660806,479.449889,0.050000
70.880000,479.622639,479.411754,0.050000
70.900000,479.584474,479.373623,0.050000
70.920000,479.546313,479.335494,0.050000
70.940000,479.508154,479.297369,0.050000
70.960000,479.469999,479.259246,0.050000
70.980000,479.431847,479.221127,0.050000
71.000000,479.393698,479.183010,0.050000
71.020000,479.355552,479.144897,0.050000
71.040000,479.317409,479.106787,0.050000
71.060000,479.279270,479.068680,0.050000
71.080000,479.241133,479.030576,0.050000
71.100000,479.202999,478.992475,0.050000
71.120000,479.164869,478.954377,0.050000
71.140000,479.126741,478.916282,0.050000
71.160000,479.088617,478.878190,0.050000
71.180000,479.050496,478.840102,0.050000
71.200000,479.012378,478.802016,0.050000
71.220000,478.974263,478.763934,0.050000
71.240000,478.936151,478.725855,0.050000
71.260000,478.898042,478.687779,0.050000
71.280000,478.859937,478.649706,0.050000
71.300000,478.821834,478.611636,0.050000
71.320000,478.783735,478.573569,0.050000
71.340000,478.745638,478.535505,0.050000
71.360000,478.707545,478.497444,0.050000
71.380000,478.669455,478.459387,0.050000
71.400000,478.631368,478.421332,0.050000
71.420000,478.593284,478.383281,0.050000
71.440000,478.555204,478.345233,0.050000
71.460000,478.517126,478.307188,0.050000
71.480000,478.479051,478.269146,0.050000
71.500000,478.440980,478.231107,0.050000
71.520000,478.402912,478.193071,0.050000
71.540000,478.364847,478.155039,0.050000
71.560000,478.326785,478.117009,0.050000
71.580000,478.288726,478.078983,0.050000
71.600000,478.250671,478.040960,0.050000
71.620000,478.212618,478.002940,0.050000
71.640000,478.174569,477.964923,0.050000
71.660000,478.136522,477.926909,0.050000
71.680000,478.098479,477.888898,0.050000
71.700000,478.060439,477.850891,0.050000
71.720000,478.022403,477.812887,0.050000
71.740000,477.984369,477.774885,0.050000
71.760000,477.946339,477.736887,0.050000
71.780000,477.908311,477.698892,0.050000
71.800000,477.870287,477.660901,0.050000
71.820000,477.832266,477.622912,0.050000
71.840000,477.794248,477.584927,0.050000
71.860000,477.756234,477.546944,0.050000
71.880000,477.718222,477.508965,0.050000
71.900000,477.680214,477.470989,0.050000
71.920000,477.642209,477.433016,0.050000
71.940000,477.604207,477.395047,0.050000
71.960000,477.566208,477.357080,0.050000
71.980000,477.528212,477.319117,0.050000
72.000000,477.490220,477.281157,0.050000
72.020000,477.452230,477.243200,0.050000
72.040000,477.414244,477.205246,0.050000
72.060000,477.376261,477.167295,0.050000
72.080000,477.338282,477.129348,0.050000
72.100000,477.300305,477.091403,0.050000
72.120000,477.262332,477.053462,0.050000
72.140000,477.224361,477.015524,0.050000
72.160000,477.186394,476.977589,0.050000
72.180000,477.148431,476.939658,0.050000
72.200000,477.110470,476.901730,0.050000
72.220000,477.072512,476.863804,0.050000
72.240000,477.034558,476.825882,0.050000
72.260000,476.996607,476.787963,0.050000
72.280000,476.958659,476.750048,0.050000
72.300000,476.920715,476.712135,0.050000
72.320000,476.882773,476.674226,0.050000
72.340000,476.844835,476.636320,0.050000
72.360000,476.806900,476.598417,0.050000
72.380000,476.768968,476.560517,0.050000
72.400000,476.731039,476.522621,0.050000
72.420000,476.693114,476.484728,0.050000
72.440000,476.655192,476.446838,0.050000
72.460000,476.617273,476.408951,0.050000
72.480000,476.579357,476.371067,0.050000
72.500000,476.541444,476.333187,0.050000
72.520000,476.503535,476.295309,0.050000
72.540000,476.465629,476.257435,0.050000
72.560000,476.427726,476.219564,0.050000
72.580000,476.389826,476.181697,0.050000
72.600000,476.351930,476.143832,0.050000
72.620000,476.314036,476.105971,0.050000
72.640000,476.276146,476.068113,0.050000
72.660000,476.238259,476.030259,0.050000
72.680000,476.200376,475.992407,0.050000
72.700000,476.162496,475.954559,0.050000
72.720000,476.124618,475.916714,0.050000
72.740000,476.086745,475.878872,0.050000
72.760000,476.048874,475.841033,0.050000
72.780000,476.011006,475.803198,0.050000
72.800000,475.973142,475.765366,0.050000
72.820000,475.935281,475.727537,0.050000
72.840000,475.897424,475.689711,0.050000
72.860000,475.859569,475.651888,0.050000
72.880000,475.821718,475.614069,0.050000
72.900000,475.783870,475.576253,0.050000
72.920000,475.746025,475.538440,0.050000
72.940000,475.708184,475.500631,0.050000
72.960000,475.670345,475.462825,0.050000
72.980000,475.632510,475.425022,0.050000
73.000000,475.594679,475.387222,0.050000
73.020000,475.556850,475.349425,0.050000
73.040000,475.519025,475.311632,0.050000
73.060000,475.481203,475.273842,0.050000
73.080000,475.443384,475.236055,0.050000
73.100000,475.405569,475.198272,0.050000
73.120000,475.367757,475.160491,0.050000
73.140000,475.329948,475.122714,0.050000
73.160000,475.292142,475.084940,0.050000
73.180000,475.254340,475.047170,0.050000
73.200000,475.216540,475.009403,0.050000
73.220000,475.178745,474.971639,0.050000
73.240000,475.140952,474.933878,0.050000
73.260000,475.103163,474.896120,0.050000
73.280000,475.065377,474.858366,0.050000
73.300000,475.027594,474.820615,0.050000
73.320000,474.989814,474.782867,0.050000
73.340000,474.952038,474.745123,0.050000
73.360000,474.914265,474.707382,0.050000
73.380000,474.876495,474.669644,0.050000
73.400000,474.838729,474.631909,0.050000
73.420000,474.800966,474.594178,0.050000
73.440000,474.763206,474.556450,0.050000
73.460000,474.725449,474.518725,0.050000
73.480000,474.687696,474.481003,0.050000
73.500000,474.649946,474.443285,0.050000
73.520000,474.612199,474.405570,0.050000
73.540000,474.574456,474.367858,0.050000
73.560000,474.536716,474.330150,0.050000
73.580000,474.498979,474.292445,0.050000
73.600000,474.461245,474.254743,0.050000
73.620000,474.423515,474.217044,0.050000
73.640000,474.385788,474.179349,0.050000
73.660000,474.348064,474.141657,0.050000
73.680000,474.310344,474.103968,0.050000
73.700000,474.272627,474.066283,0.050000
73.720000,474.234913,474.028601,0.050000
73.740000,474.197202,473.990922,0.050000
73.760000,474.159495,473.953246,0.050000
73.780000,474.121791,473.915574,0.050000
73.800000,474.084091,473.877905,0.050000
73.820000,474.046393,473.840240,0.050000
73.840000,474.008699,473.802577,0.050000
73.860000,473.971009,473.764918,0.050000
73.880000,473.933321,473.727262,0.050000
73.900000,473.895637,473.689610,0.050000
73.920000,473.857956,473.651961,0.050000
73.940000,473.820279,473.614315,0.050000
73.960000,473.782605,473.576672,0.050000
73.980000,473.744934,473.539033,0.050000
74.000000,473.707267,473.501397,0.050000
74.020000,473.669602,473.463765,0.050000
74.040000,473.631942,473.426135,0.050000
74.060000,473.594284,473.388509,0.050000
74.080000,473.556630,473.350887,0.050000
74.100000,473.518979,473.313267,0.050000
74.120000,473.481331,473.275651,0.050000
74.140000,473.443687,473.238038,0.050000
74.160000,473.406046,473.200429,0.050000
74.180000,473.368408,473.162823,0.050000
74.200000,473.330774,473.125220,0.050000
74.220000,473.293143,473.087620,0.050000
74.240000,473.255515,473.050024,0.050000
74.260000,473.217891,473.012431,0.050000
74.280000,473.180270,472.974842,0.050000
74.300000,473.142652,472.937256,0.050000
74.320000,473.105038,472.899673,0.050000
74.340000,473.067427,472.862093,0.050000
74.360000,473.029819,472.824517,0.050000
74.380000,472.992215,472.786944,0.050000
74.400000,472.954614,472.749375,0.050000
74.420000,472.917017,472.711808,0.050000
74.440000,472.879422,472.674246,0.050000
74.460000,472.841831,472.636686,0.050000
74.480000,472.804244,472.599130,0.050000
74.500000,472.766659,472.561577,0.050000
74.520000,472.729078,472.524027,0.050000
74.540000,472.691501,472.486481,0.050000
74.560000,472.653927,472.448938,0.050000
74.580000,472.616356,472.411399,0.050000
74.600000,472.578788,472.373862,0.050000
74.620000,472.541224,472.336330,0.050000
74.640000,472.503663,472.298800,0.050000
74.660000,472.466106,472.261274,0.050000
74.680000,472.428551,472.223751,0.050000
74.700000,472.391001,472.186231,0.050000
74.720000,472.353453,472.148715,0.050000
74.740000,472.315909,472.111203,0.050000
74.760000,472.278368,472.073693,0.050000
74.780000,472.240831,472.036187,0.050000
74.800000,472.203297,471.998684,0.050000
74.820000,472.165766,471.961185,0.050000
74.840000,472.128239,471.923689,0.050000
74.860000,472.090715,471.886196,0.050000
74.880000,472.053194,471.848707,0.050000
74.900000,472.015677,471.811221,0.050000
74.920000,471.978163,471.773738,0.050000
74.940000,471.940653,471.736259,0.050000
74.960000,471.903145,471.698783,0.050000
74.980000,471.865642,471.661310,0.050000
75.000000,471.828141,471.623841,0.050000
75.020000,471.790644,471.586375,0.050000
75.040000,471.753150,471.548913,0.050000
75.060000,471.715660,471.511454,0.050000
75.080000,471.678173,471.473998,0.050000
75.100000,471.640690,471.436545,0.050000
75.120000,471.603209,471.399096,0.050000
75.140000,471.565733,471.361651,0.050000
75.160000,471.528259,471.324208,0.050000
75.180000,471.490789,471.286769,0.050000
75.200000,471.453322,471.249334,0.050000
75.220000,471.415859,471.211902,0.050000
75.240000,471.378399,471.174473,0.050000
75.260000,471.340942,471.137047,0.050000
75.280000,471.303489,471.099625,0.050000
75.300000,471.266039,471.062206,0.050000
75.320000,471.228593,471.024791,0.050000
75.340000,471.191150,470.987379,0.050000
75.360000,471.153710,470.949970,0.050000
75.380000,471.116274,470.912565,0.050000
75.400000,471.078841,470.875163,0.050000
75.420000,471.041412,470.837765,0.050000
75.440000,471.003985,470.800370,0.050000
75.460000,470.966563,470.762978,0.050000
75.480000,470.929143,470.725590,0.050000
75.500000,470.891727,470.688205,0.050000
75.520000,470.854315,470.650823,0.050000
75.540000,470.816906,470.613445,0.050000
75.560000,470.779500,470.576070,0.050000
75.580000,470.742097,470.538699,0.050000
75.600000,470.704698,470.501331,0.050000
75.620000,470.667303,470.463966,0.050000
75.640000,470.629910,470.426605,0.050000
75.660000,470.592522,470.389247,0.050000
75.680000,470.555136,470.351892,0.050000
75.700000,470.517754,470.314541,0.050000
75.720000,470.480375,470.277194,0.050000
75.740000,470.443000,470.239849,0.050000
75.760000,470.405628,470.202508,0.050000
75.780000,470.368260,470.165171,0.050000
75.800000,470.330895,470.127837,0.050000
75.820000,470.293533,470.090506,0.050000
75.840000,470.256175,470.053179,0.050000
75.860000,470.218820,470.015855,0.050000
75.880000,470.181469,469.978534,0.050000
75.900000,470.144120,469.941217,0.050000
75.920000,470.106776,469.903903,0.050000
75.940000,470.069435,469.866593,0.050000
75.960000,470.032097,469.829286,0.050000
75.980000,469.994762,469.791982,0.050000
76.000000,469.957431,469.754682,0.050000
76.020000,469.920104,469.717385,0.050000
76.040000,469.882779,469.680092,0.050000
76.060000,469.845459,469.642802,0.050000
76.080000,469.808141,469.605515,0.050000
76.100000,469.770827,469.568232,0.050000
76.120000,469.733517,469.530952,0.050000
76.140000,469.696210,469.493676,0.050000
76.160000,469.658906,469.456403,0.050000
76.180000,469.621606,469.419133,0.050000
76.200000,469.584309,469.381867,0.050000
76.220000,469.547015,469.344605,0.050000
76.240000,469.509725,469.307345,0.050000
76.260000,469.472438,469.270089,0.050000
76.280000,469.435155,469.232837,0.050000
76.300000,469.397875,469.195588,0.050000
76.320000,469.360599,469.158342,0.050000
76.340000,469.323326,469.121100,0.050000
76.360000,469.286056,469.083861,0.050000
76.380000,469.248790,469.046625,0.050000
76.400000,469.211527,469.009393,0.050000
76.420000,469.174268,468.972165,0.050000
76.440000,469.137012,468.934940,0.050000
76.460000,469.099760,468.897718,0.050000
76.480000,469.062511,468.860499,0.050000
76.500000,469.025265,468.823284,0.050000
76.520000,468.988023,468.786073,0.050000
76.540000,468.950784,468.748865,0.050000
76.560000,468.913549,468.711660,0.050000
76.580000,468.876317,468.674459,0.050000
76.600000,468.839088,468.637261,0.050000
76.620000,468.801863,468.600066,0.050000
76.640000,468.764642,468.562875,0.050000
76.660000,468.727424,468.525688,0.050000
76.680000,468.690209,468.488504,0.050000
76.700000,468.652997,468.451323,0.050000
76.720000,468.615790,468.414146,0.050000
76.740000,468.578585,468.376972,0.050000
76.760000,468.541384,468.339801,0.050000
76.780000,468.504186,468.302634,0.050000
76.800000,468.466992,468.265471,0.050000
76.820000,468.429802,468.228310,0.050000
76.840000,468.392614,468.191154,0.050000
76.860000,468.355430,468.154000,0.050000
76.880000,468.318250,468.116850,0.050000
76.900000,468.281073,468.079704,0.050000
76.920000,468.243899,468.042561,0.050000
76.940000,468.206729,468.005421,0.050000
76.960000,468.169563,467.968285,0.050000
76.980000,468.132399,467.931152,0.050000
77.000000,468.095239,467.894023,0.050000
77.020000,468.058083,467.856897,0.050000
77.040000,468.020930,467.819775,0.050000
77.060000,467.983781,467.782656,0.050000
77.080000,467.946635,467.745540,0.050000
77.100000,467.909492,467.708428,0.050000
77.120000,467.872353,467.671319,0.050000
77.140000,467.835217,467.634214,0.050000
77.160000,467.798085,467.597112,0.050000
77.180000,467.760956,467.560013,0.050000
77.200000,467.723831,467.522919,0.050000
77.220000,467.686709,467.485827,0.050000
77.240000,467.649590,467.448739,0.050000
77.260000,467.612475,467.411654,0.050000
77.280000,467.575364,467.374573,0.050000
77.300000,467.538255,467.337495,0.050000
77.320000,467.501151,467.300421,0.050000
77.340000,467.464050,467.263350,0.050000
77.360000,467.426952,467.226283,0.050000
77.380000,467.389857,467.189218,0.050000
77.400000,467.352766,467.152158,0.050000
77.420000,467.315679,467.115101,0.050000
77.440000,467.278595,467.078047,0.050000
77.460000,467.241514,467.040997,0.050000
77.480000,467.204437,467.003950,0.050000
77.500000,467.167364,466.966907,0.050000
77.520000,467.130293,466.929867,0.050000
77.540000,467.093227,466.892830,0.050000
77.560000,467.056163,466.855797,0.050000
77.580000,467.019104,466.818768,0.050000
77.600000,466.982047,466.781742,0.050000
77.620000,466.944994,466.744719,0.050000
77.640000,466.907945,466.707700,0.050000
77.660000,466.870899,466.670684,0.050000
77.680000,466.833856,466.633672,0.050000
77.700000,466.796817,466.596663,0.050000
77.720000,466.759782,466.559657,0.050000
77.740000,466.722749,466.522655,0.050000
77.760000,466.685721,466.485657,0.050000
77.780000,466.648695,466.448662,0.050000
77.800000,466.611674,466.411670,0.050000
77.820000,466.574655,466.374682,0.050000
77.840000,466.537640,466.337697,0.050000
77.860000,466.500629,466.300716,0.050000
77.880000,466.463621,466.263738,0.050000
77.900000,466.426616,466.226764,0.050000
77.920000,466.389615,466.189793,0.050000
77.940000,466.352618,466.152826,0.050000
77.960000,466.315624,466.115862,0.050000
77.980000,466.278633,466.078901,0.050000
78.000000,466.241646,466.041944,0.050000
78.020000,466.204662,466.004990,0.050000
78.040000,466.167682,465.968040,0.050000
78.060000,466.130705,465.931094,0.050000
78.080000,466.093732,465.894150,0.050000
78.100000,466.056762,465.857210,0.050000
78.120000,466.019795,465.820274,0.050000
78.140000,465.982832,465.783341,0.050000
78.160000,465.945873,465.746412,0.050000
78.180000,465.908917,465.709486,0.050000
78.200000,465.871964,465.672563,0.050000
78.220000,465.835015,465.635644,0.050000
78.240000,465.798070,465.598729,0.050000
78.260000,465.761128,465.561817,0.050000
78.280000,465.724189,465.524908,0.050000
78.300000,465.687254,465.488003,0.050000
78.320000,465.650322,465.451101,0.050000
78.340000,465.613394,465.414203,0.050000
78.360000,465.576469,465.377308,0.050000
78.380000,465.539548,465.340417,0.050000
78.400000,465.502630,465.303529,0.050000
78.420000,465.465715,465.266645,0.050000
78.440000,465.428804,465.229764,0.050000
78.460000,465.391897,465.192886,0.050000
78.480000,465.354993,465.156012,0.050000
78.500000,465.318093,465.119142,0.050000
78.520000,465.281196,465.082275,0.050000
78.540000,465.244302,465.045411,0.050000
78.560000,465.207412,465.008551,0.050000
78.580000,465.170525,464.971694,0.050000
78.600000,465.133642,464.934841,0.050000
78.620000,465.096763,464.897991,0.050000
78.640000,465.059886,464.861145,0.050000
78.660000,465.023014,464.824302,0.050000
78.680000,464.986145,464.787463,0.050000
78.700000,464.949279,464.750627,0.050000
78.720000,464.912417,464.713794,0.050000
78.740000,464.875558,464.676966,0.050000
78.760000,464.838702,464.640140,0.050000
78.780000,464.801851,464.603318,0.050000
78.800000,464.765002,464.566500,0.050000
78.820000,464.728157,464.529685,0.050000
78.840000,464.691316,464.492873,0.050000
78.860000,464.654478,464.456065,0.050000
78.880000,464.617644,464.419260,0.050000
78.900000,464.580813,464.382459,0.050000
78.920000,464.543985,464.345661,0.050000
78.940000,464.507161,464.308867,0.050000
78.960000,464.470341,464.272076,0.050000
78.980000,464.433524,464.235289,0.050000
79.000000,464.396710,464.198505,0.050000
79.020000,464.359900,464.161725,0.050000
79.040000,464.323093,464.124948,0.050000
79.060000,464.286290,464.088175,0.050000
79.080000,464.249491,464.051405,0.050000
79.100000,464.212694,464.014639,0.050000
79.120000,464.175902,463.977876,0.050000
79.140000,464.139113,463.941116,0.050000
79.160000,464.102327,463.904360,0.050000
79.180000,464.065545,463.867608,0.050000
79.200000,464.028766,463.830859,0.050000
79.220000,463.991991,463.794113,0.050000
79.240000,463.955219,463.757371,0.050000
79.260000,463.918451,463.720632,0.050000
79.280000,463.881686,463.683897,0.050000
79.300000,463.844924,463.647165,0.050000
79.320000,463.808167,463.610437,0.050000
79.340000,463.771412,463.573713,0.050000
79.360000,463.734661,463.536991,0.050000
79.380000,463.697914,463.500274,0.050000
79.400000,463.661170,463.463559,0.050000
79.420000,463.624430,463.426848,0.050000
79.440000,463.587693,463.390141,0.050000
79.460000,463.550959,463.353437,0.050000
79.480000,463.514229,463.316737,0.050000
79.500000,463.477503,463.280040,0.050000
79.520000,463.440780,463.243347,0.050000
79.540000,463.404060,463.206657,0.050000
79.560000,463.367344,463.169970,0.050000
79.580000,463.330632,463.133287,0.050000
79.600000,463.293923,463.096608,0.050000
79.620000,463.257217,463.059932,0.050000
79.640000,463.220515,463.023259,0.050000
79.660000,463.183817,462.986590,0.050000
79.680000,463.147121,462.949925,0.050000
79.700000,463.110430,462.913263,0.050000
79.720000,463.073742,462.876604,0.050000
79.740000,463.037057,462.839949,0.050000
79.760000,463.000376,462.803297,0.050000
79.780000,462.963698,462.766649,0.050000
79.800000,462.927024,462.730005,0.050000
79.820000,462.890354,462.693363,0.050000
79.840000,462.853686,462.656726,0.050000
79.860000,462.817023,462.620092,0.050000
79.880000,462.780363,462.583461,0.050000
79.900000,462.743706,462.546834,0.050000
79.920000,462.707053,462.510210,0.050000
79.940000,462.670403,462.473590,0.050000
79.960000,462.633757,462.436973,0.050000
79.980000,462.597114,462.400359,0.050000
80.000000,462.560475,462.363750,0.050000
80.020000,462.523839,462.327143,0.050000
80.040000,462.487207,462.290540,0.050000
80.060000,462.450578,462.253941,0.050000
80.080000,462.413953,462.217345,0.050000
80.100000,462.377331,462.180753,0.050000
80.120000,462.340713,462.144164,0.050000
80.140000,462.304098,462.107578,0.050000
80.160000,462.267486,462.070996,0.050000
80.180000,462.230879,462.034418,0.050000
80.200000,462.194274,461.997843,0.050000
80.220000,462.157673,461.961272,0.050000
80.240000,462.121076,461.924704,0.050000
80.260000,462.084482,461.888139,0.050000
80.280000,462.047892,461.851578,0.050000
80.300000,462.011305,461.815020,0.050000
80.320000,461.974722,461.778466,0.050000
80.340000,461.938142,461.741916,0.050000
80.360000,461.901565,461.705369,0.050000
80.380000,461.864993,461.668825,0.050000
80.400000,461.828423,461.632285,0.050000
80.420000,461.791857,461.595748,0.050000
80.440000,461.755295,461.559215,0.050000
80.460000,461.718736,461.522686,0.050000
80.480000,461.682180,461.486160,0.050000
80.500000,461.645629,461.449637,0.050000
80.520000,461.609080,461.413118,0.050000
80.540000,461.572535,461.376602,0.050000
80.560000,461.535994,461.340090,0.050000
80.580000,461.499456,461.303581,0.050000
80.600000,461.462921,461.267076,0.050000
80.620000,461.426390,461.230574,0.050000
80.640000,461.389863,461.194076,0.050000
80.660000,461.353339,461.157581,0.050000
80.680000,461.316819,461.121090,0.050000
80.700000,461.280302,461.084602,0.050000
80.720000,461.243788,461.048118,0.050000
80.740000,461.207278,461.011637,0.050000
80.760000,461.170772,460.975160,0.050000
80.780000,461.134269,460.938686,0.050000
80.800000,461.097769,460.902215,0.050000
80.820000,461.061273,460.865749,0.050000
80.840000,461.024781,460.829285,0.050000
80.860000,460.988292,460.792825,0.050000
80.880000,460.951806,460.756369,0.050000
80.900000,460.915324,460.719916,0.050000
80.920000,460.878846,460.683467,0.050000
80.940000,460.842371,460.647021,0.050000
80.960000,460.805899,460.610578,0.050000
80.980000,460.769431,460.574139,0.050000
81.000000,460.732967,460.537704,0.050000
81.020000,460.696506,460.501272,0.050000
81.040000,460.660048,460.464843,0.050000
81.060000,460.623594,460.428418,0.050000
81.080000,460.587143,460.391997,0.050000
81.100000,460.550696,460.355579,0.050000
81.120000,460.514253,460.319164,0.050000
81.140000,460.477813,460.282753,0.050000
81.160000,460.441376,460.246346,0.050000
81.180000,460.404943,460.209942,0.050000
81.200000,460.368514,460.173541,0.050000
81.220000,460.332088,460.137144,0.050000
81.240000,460.295665,460.100751,0.050000
81.260000,460.259246,460.064361,0.050000
81.280000,460.222830,460.027974,0.050000
81.300000,460.186418,459.991591,0.050000
81.320000,460.150010,459.955211,0.050000
81.340000,460.113605,459.918835,0.050000
81.360000,460.077203,459.882463,0.050000
81.380000,460.040805,459.846094,0.050000
81.400000,460.004410,459.809728,0.050000
81.420000,459.968019,459.773366,0.050000
81.440000,459.931632,459.737007,0.050000
81.460000,459.895248,459.700652,0.050000
81.480000,459.858867,459.664300,0.050000
81.500000,459.822490,459.627952,0.050000
81.520000,459.786116,459.591607,0.050000
81.540000,459.749746,459.555266,0.050000
81.560000,459.713380,459.518928,0.050000
81.580000,459.677017,459.482594,0.050000
81.600000,459.640657,459.446263,0.050000
81.620000,459.604301,459.409936,0.050000
81.640000,459.567948,459.373612,0.050000
81.660000,459.531599,459.337292,0.050000
81.680000,459.495254,459.300975,0.050000
81.700000,459.458911,459.264662,0.050000
81.720000,459.422573,459.228352,0.050000
81.740000,459.386238,459.192046,0.050000
81.760000,459.349906,459.155743,0.050000
81.780000,459.313578,459.119444,0.050000
81.800000,459.277253,459.083148,0.050000
81.820000,459.240932,459.046856,0.050000
81.840000,459.204615,459.010567,0.050000
81.860000,459.168300,458.974282,0.050000
81.880000,459.131990,458.938000,0.050000
81.900000,459.095683,458.901721,0.050000
81.920000,459.059379,458.865446,0.050000
81.940000,459.023079,458.829175,0.050000
81.960000,458.986782,458.792907,0.050000
81.980000,458.950489,458.756643,0.050000
82.000000,458.914199,458.720382,0.050000
82.020000,458.877913,458.684124,0.050000
82.040000,458.841631,458.647871,0.050000
82.060000,458.805351,458.611620,0.050000
82.080000,458.769076,458.575373,0.050000
82.100000,458.732804,458.539130,0.050000
82.120000,458.696535,458.502890,0.050000
82.140000,458.660270,458.466653,0.050000
82.160000,458.624008,458.430420,0.050000
82.180000,458.587750,458.394191,0.050000
82.200000,458.551495,458.357965,0.050000
82.220000,458.515244,458.321742,0.050000
82.240000,458.478996,458.285523,0.050000
82.260000,458.442752,458.249308,0.050000
82.280000,458.406511,458.213096,0.050000
82.300000,458.370274,458.176887,0.050000
82.320000,458.334040,458.140682,0.050000
82.340000,458.297810,458.104480,0.050000
82.360000,458.261584,458.068282,0.050000
82.380000,458.225360,458.032088,0.050000
82.400000,458.189141,457.995897,0.050000
82.420000,458.152924,457.959709,0.050000
82.440000,458.116712,457.923525,0.050000
82.460000,458.080502,457.887344,0.050000
82.480000,458.044297,457.851167,0.050000
82.500000,458.008094,457.814993,0.050000
82.520000,457.971896,457.778823,0.050000
82.540000,457.935700,457.742656,0.050000
82.560000,457.899509,457.706493,0.050000
82.580000,457.863320,457.670334,0.050000
82.600000,457.827136,457.634177,0.050000
82.620000,457.790954,457.598025,0.050000
82.640000,457.754777,457.561875,0.050000
82.660000,457.718602,457.525730,0.050000
82.680000,457.682432,457.489587,0.050000
82.700000,457.646264,457.453449,0.050000
82.720000,457.610101,457.417313,0.050000
82.740000,457.573940,457.381182,0.050000
82.760000,457.537784,457.345053,0.050000
82.780000,457.501630,457.308928,0.050000
82.800000,457.465480,457.272807,0.050000
82.820000,457.429334,457.236689,0.050000
82.840000,457.393191,457.200575,0.050000
82.860000,457.357052,457.164464,0.050000
82.880000,457.320916,457.128357,0.050000
82.900000,457.284784,457.092253,0.050000
82.920000,457.248655,457.056152,0.050000
82.940000,457.212530,457.020055,0.050000
82.960000,457.176408,456.983962,0.050000
82.980000,457.140289,456.947872,0.050000
83.000000,457.104175,456.911786,0.050000
83.020000,457.068063,456.875703,0.050000
83.040000,457.031955,456.839623,0.050000
83.060000,456.995851,456.803547,0.050000
83.080000,456.959750,456.767475,0.050000
83.100000,456.923653,456.731406,0.050000
83.120000,456.887559,456.695340,0.050000
83.140000,456.851468,456.659278,0.050000
83.160000,456.815382,456.623220,0.050000
83.180000,456.779298,456.587164,0.050000
83.200000,456.743218,456.551113,0.050000
83.220000,456.707142,456.515065,0.050000
83.240000,456.671069,456.479020,0.050000
83.260000,456.634999,456.442979,0.050000
83.280000,456.598933,456.406941,0.050000
83.300000,456.562871,456.370907,0.050000
83.320000,456.526812,456.334877,0.050000
83.340000,456.490757,456.298849,0.050000
83.360000,456.454705,456.262826,0.050000
83.380000,456.418656,456.226806,0.050000
83.400000,456.382611,456.190789,0.050000
83.420000,456.346570,456.154776,0.050000
83.440000,456.310532,456.118766,0.050000
83.460000,456.274497,456.082760,0.050000
83.480000,456.238466,456.046757,0.050000
83.500000,456.202438,456.010757,0.050000
83.520000,456.166414,455.974762,0.050000
83.540000,456.130394,455.938769,0.050000
83.560000,456.094377,455.902780,0.050000
83.580000,456.058363,455.866795,0.050000
83.600000,456.022353,455.830813,0.050000
83.620000,455.986346,455.794835,0.050000
83.640000,455.950343,455.758860,0.050000
83.660000,455.914344,455.722888,0.050000
83.680000,455.878348,455.686920,0.050000
83.700000,455.842355,455.650956,0.050000
83.720000,455.806366,455.614995,0.050000
83.740000,455.770380,455.579038,0.050000
83.760000,455.734398,455.543083,0.050000
83.780000,455.698419,455.507133,0.050000
83.800000,455.662444,455.471186,0.050000
83.820000,455.626472,455.435242,0.050000
83.840000,455.590504,455.399302,0.050000
83.860000,455.554539,455.363366,0.050000
83.880000,455.518578,455.327432,0.050000
83.900000,455.482620,455.291503,0.050000
83.920000,455.446666,455.255577,0.050000
83.940000,455.410715,455.219654,0.050000
83.960000,455.374768,455.183735,0.050000
83.980000,455.338824,455.147819,0.050000
84.000000,455.302884,455.111907,0.050000
84.020000,455.266947,455.075998,0.050000
84.040000,455.231014,455.040093,0.050000
84.060000,455.195084,455.004191,0.050000
84.080000,455.159158,454.968293,0.050000
84.100000,455.123235,454.932398,0.050000
84.120000,455.087315,454.896506,0.050000
84.140000,455.051399,454.860619,0.050000
84.160000,455.015487,454.824734,0.050000
84.180000,454.979578,454.788853,0.050000
84.200000,454.943673,454.752976,0.050000
84.220000,454.907771,454.717102,0.050000
84.240000,454.871872,454.681231,0.050000
84.260000,454.835977,454.645364,0.050000
84.280000,454.800086,454.609501,0.050000
84.300000,454.764198,454.573641,0.050000
84.320000,454.728313,454.537784,0.050000
84.340000,454.692432,454.501931,0.050000
84.360000,454.656554,454.466081,0.050000
84.380000,454.620680,454.430235,0.050000
84.400000,454.584810,454.394393,0.050000
84.420000,454.548942,454.358553,0.050000
84.440000,454.513079,454.322718,0.050000
84.460000,454.477219,454.286885,0.050000
84.480000,454.441362,454.251057,0.050000
84.500000,454.405509,454.215231,0.050000
84.520000,454.369659,454.179410,0.050000
84.540000,454.333813,454.143591,0.050000
84.560000,454.297970,454.107776,0.050000
84.580000,454.262131,454.071965,0.050000
84.600000,454.226295,454.036157,0.050000
84.620000,454.190463,454.000353,0.050000
84.640000,454.154634,453.964552,0.050000
84.660000,454.118808,453.928754,0.050000
84.680000,454.082987,453.892960,0.050000
84.700000,454.047168,453.857170,0.050000
84.720000,454.011353,453.821383,0.050000
84.740000,453.975542,453.785599,0.050000
84.760000,453.939734,453.749819,0.050000
84.780000,453.903929,453.714042,0.050000
84.800000,453.868128,453.678269,0.050000
84.820000,453.832331,453.642499,0.050000
84.840000,453.796537,453.606733,0.050000
84.860000,453.760746,453.570970,0.050000
84.880000,453.724959,453.535211,0.050000
84.900000,453.689176,453.499455,0.050000
84.920000,453.653396,453.463703,0.050000
84.940000,453.617619,453.427954,0.050000
84.960000,453.581846,453.392209,0.050000
84.980000,453.546076,453.356467,0.050000
85.000000,453.510310,453.320728,0.050000
85.020000,453.474547,453.284993,0.050000
85.040000,453.438788,453.249262,0.050000
85.060000,453.403032,453.213534,0.050000
85.080000,453.367280,453.177809,0.050000
85.100000,453.331531,453.142088,0.050000
85.120000,453.295786,453.106370,0.050000
85.140000,453.260044,453.070656,0.050000
85.160000,453.224305,453.034946,0.050000
85.180000,453.188570,452.999238,0.050000
85.200000,453.152839,452.963535,0.050000
85.220000,453.117111,452.927834,0.050000
85.240000,453.081387,452.892137,0.050000
85.260000,453.045665,452.856444,0.050000
85.280000,453.009948,452.820754,0.050000
85.300000,452.974234,452.785068,0.050000
85.320000,452.938523,452.749385,0.050000
85.340000,452.902816,452.713705,0.050000
85.360000,452.867112,452.678029,0.050000
85.380000,452.831412,452.642357,0.050000
85.400000,452.795716,452.606688,0.050000
85.420000,452.760022,452.571022,0.050000
85.440000,452.724333,452.535360,0.050000
85.460000,452.688646,452.499701,0.050000
85.480000,452.652963,452.464046,0.050000
85.500000,452.617284,452.428394,0.050000
85.520000,452.581608,452.392746,0.050000
85.540000,452.545936,452.357101,0.050000
85.560000,452.510267,452.321460,0.050000
85.580000,452.474601,452.285822,0.050000
85.600000,452.438939,452.250187,0.050000
85.620000,452.403281,452.214556,0.050000
85.640000,452.367626,452.178929,0.050000
85.660000,452.331974,452.143305,0.050000
85.680000,452.296326,452.107684,0.050000
85.700000,452.260681,452.072067,0.050000
85.720000,452.225040,452.036453,0.050000
85.740000,452.189402,452.000843,0.050000
85.760000,452.153768,451.965236,0.050000
85.780000,452.118137,451.929633,0.050000
85.800000,452.082510,451.894033,0.050000
85.820000,452.046886,451.858437,0.050000
85.840000,452.011266,451.822844,0.050000
85.860000,451.975649,451.787254,0.050000
85.880000,451.940035,451.751668,0.050000
85.900000,451.904425,451.716086,0.050000
85.920000,451.868819,451.680507,0.050000
85.940000,451.833216,451.644931,0.050000
85.960000,451.797616,451.609359,0.050000
85.980000,451.762020,451.573790,0.050000
86.000000,451.726427,451.538225,0.050000
86.020000,451.690838,451.502663,0.050000
86.040000,451.655252,451.467105,0.050000
86.060000,451.619670,451.431550,0.050000
86.080000,451.584091,451.395999,0.050000
86.100000,451.548516,451.360451,0.050000
86.120000,451.512944,451.324906,0.050000
86.140000,451.477376,451.289365,0.050000
86.160000,451.441811,451.253828,0.050000
86.180000,451.406249,451.218294,0.050000
86.200000,451.370691,451.182763,0.050000
86.220000,451.335137,451.147236,0.050000
86.240000,451.299585,451.111712,0.050000
86.260000,451.264038,451.076192,0.050000
86.280000,451.228494,451.040675,0.050000
86.300000,451.192953,451.005161,0.050000
86.320000,451.157416,450.969651,0.050000
86.340000,451.121882,450.934145,0.050000
86.360000,451.086351,450.898642,0.050000
86.380000,451.050824,450.863142,0.050000
86.400000,451.015301,450.827646,0.050000
86.420000,450.979781,450.792153,0.050000
86.440000,450.944264,450.756664,0.050000
86.460000,450.908751,450.721178,0.050000
86.480000,450.873242,450.685696,0.050000
86.500000,450.837736,450.650217,0.050000
86.520000,450.802233,450.614742,0.050000
86.540000,450.766734,450.579270,0.050000
86.560000,450.731238,450.543801,0.050000
86.580000,450.695746,450.508336,0.050000
86.600000,450.660257,450.472875,0.050000
86.620000,450.624771,450.437416,0.050000
86.640000,450.589289,450.401962,0.050000
86.660000,450.553811,450.366510,0.050000
86.680000,450.518336,450.331063,0.050000
86.700000,450.482864,450.295618,0.050000
86.720000,450.447396,450.260177,0.050000
86.740000,450.411931,450.224740,0.050000
86.760000,450.376470,450.189306,0.050000
86.780000,450.341012,450.153875,0.050000
86.800000,450.305558,450.118448,0.050000
86.820000,450.270107,450.083024,0.050000
86.840000,450.234660,450.047604,0.050000
86.860000,450.199216,450.012187,0.050000
86.880000,450.163775,449.976774,0.050000
86.900000,450.128338,449.941364,0.050000
86.920000,450.092904,449.905957,0.050000
86.940000,450.057474,449.870554,0.050000
86.960000,450.022048,449.835155,0.050000
86.980000,449.986624,449.799759,0.050000
87.000000,449.951204,449.764366,0.050000
87.020000,449.915788,449.728977,0.050000
87.040000,449.880375,449.693591,0.050000
87.060000,449.844966,449.658208,0.050000
87.080000,449.809560,449.622829,0.050000
87.100000,449.774157,449.587454,0.050000
87.120000,449.738758,449.552082,0.050000
87.140000,449.703362,449.516713,0.050000
87.160000,449.667970,449.481348,0.050000
87.180000,449.632581,449.445986,0.050000
87.200000,449.597196,449.410628,0.050000
87.220000,449.561814,449.375273,0.050000
87.240000,449.526435,449.339922,0.050000
87.260000,449.491060,449.304574,0.050000
87.280000,449.455689,449.269229,0.050000
87.300000,449.420321,449.233888,0.050000
87.320000,449.384956,449.198550,0.050000
87.340000,449.349595,449.163216,0.050000
87.360000,449.314237,449.127885,0.050000
87.380000,449.278883,449.092558,0.050000
87.400000,449.243532,449.057234,0.050000
87.420000,449.208184,449.021914,0.050000
87.440000,449.172840,448.986597,0.050000
87.460000,449.137500,448.951283,0.050000
87.480000,449.102163,448.915973,0.050000
87.500000,449.066829,448.880666,0.050000
87.520000,449.031499,448.845363,0.050000
87.540000,448.996172,448.810063,0.050000
87.560000,448.960848,448.774767,0.050000
87.580000,448.925528,448.739474,0.050000
87.600000,448.890212,448.704184,0.050000
87.620000,448.854899,448.668898,0.050000
87.640000,448.819589,448.633615,0.050000
87.660000,448.784283,448.598336,0.050000
87.680000,448.748980,448.563060,0.050000
87.700000,448.713681,448.527788,0.050000
87.720000,448.678385,448.492519,0.050000
87.740000,448.643093,448.457253,0.050000
87.760000,448.607804,448.421991,0.050000
87.780000,448.572518,448.386732,0.050000
87.800000,448.537236,448.351477,0.050000
87.820000,448.501957,448.316225,0.050000
87.840000,448.466682,448.280977,0.050000
87.860000,448.431410,448.245732,0.050000
87.880000,448.396142,448.210490,0.050000
87.900000,448.360877,448.175252,0.050000
87.920000,448.325615,448.140017,0.050000
87.940000,448.290357,448.104786,0.050000
87.960000,448.255103,448.069558,0.050000
87.980000,448.219851,448.034334,0.050000
88.000000,448.184604,447.999113,0.050000
88.020000,448.149359,447.963895,0.050000
88.040000,448.114118,447.928681,0.050000
88.060000,448.078881,447.893471,0.050000
88.080000,448.043647,447.858263,0.050000
88.100000,448.008416,447.823059,0.050000
88.120000,447.973189,447.787859,0.050000
88.140000,447.937965,447.752662,0.050000
88.160000,447.902745,447.717468,0.050000
88.180000,447.867528,447.682278,0.050000
88.200000,447.832314,447.647092,0.050000
88.220000,447.797104,447.611908,0.050000
88.240000,447.761898,447.576728,0.050000
88.260000,447.726695,447.541552,0.050000
88.280000,447.691495,447.506379,0.050000
88.300000,447.656298,447.471209,0.050000
88.320000,447.621106,447.436043,0.050000
88.340000,447.585916,447.400880,0.050000
88.360000,447.550730,447.365721,0.050000
88.380000,447.515547,447.330565,0.050000
88.400000,447.480368,447.295412,0.050000
88.420000,447.445192,447.260263,0.050000
88.440000,447.410020,447.225118,0.050000
88.460000,447.374851,447.189975,0.050000
88.480000,447.339686,447.154836,0.050000
88.500000,447.304523,447.119701,0.050000
88.520000,447.269365,447.084569,0.050000
88.540000,447.234210,447.049440,0.050000
88.560000,447.199058,447.014315,0.050000
88.580000,447.163909,446.979193,0.050000
88.600000,447.128764,446.944075,0.050000
88.620000,447.093623,446.908960,0.050000
88.640000,447.058485,446.873849,0.050000
88.660000,447.023350,446.838740,0.050000
88.680000,446.988219,446.803636,0.050000
88.700000,446.953091,446.768534,0.050000
88.720000,446.917966,446.733437,0.050000
88.740000,446.882845,446.698342,0.050000
88.760000,446.847728,446.663251,0.050000
88.780000,446.812613,446.628163,0.050000
88.800000,446.777503,446.593079,0.050000
88.820000,446.742395,446.557998,0.050000
88.840000,446.707291,446.522921,0.050000
88.860000,446.672191,446.487847,0.050000
88.880000,446.637094,446.452776,0.050000
88.900000,446.602000,446.417709,0.050000
88.920000,446.566910,446.382645,0.050000
88.940000,446.531823,446.347585,0.050000
88.960000,446.496739,446.312528,0.050000
88.980000,446.461659,446.277475,0.050000
89.000000,446.426582,446.242424,0.050000
89.020000,446.391509,446.207378,0.050000
89.040000,446.356439,446.172334,0.050000
89.060000,446.321373,446.137294,0.050000
89.080000,446.286310,446.102258,0.050000
89.100000,446.251250,446.067225,0.050000
89.120000,446.216194,446.032195,0.050000
89.140000,446.181142,445.997169,0.050000
89.160000,446.146092,445.962146,0.050000
89.180000,446.111046,445.927127,0.050000
89.200000,446.076004,445.892110,0.050000
89.220000,446.040965,445.857098,0.050000
89.240000,446.005929,445.822088,0.050000
89.260000,445.970897,445.787083,0.050000
89.280000,445.935868,445.752080,0.050000
89.300000,445.900842,445.717081,0.050000
89.320000,445.865820,445.682085,0.050000
89.340000,445.830802,445.647093,0.050000
89.360000,445.795786,445.612104,0.050000
89.380000,445.760774,445.577119,0.050000
89.400000,445.725766,445.542137,0.050000
89.420000,445.690761,445.507158,0.050000
89.440000,445.655759,445.472183,0.050000
89.460000,445.620761,445.437211,0.050000
89.480000,445.585766,445.402242,0.050000
89.500000,445.550775,445.367277,0.050000
89.520000,445.515787,445.332316,0.050000
89.540000,445.480802,445.297357,0.050000
89.560000,445.445821,445.262403,0.050000
89.580000,445.410843,445.227451,0.050000
89.600000,445.375869,445.192503,0.050000
89.620000,445.340898,445.157558,0.050000
89.640000,445.305930,445.122617,0.050000
89.660000,445.270966,445.087679,0.050000
89.680000,445.236005,445.052745,0.050000
89.700000,445.201048,445.017813,0.050000
89.720000,445.166094,444.982886,0.050000
89.740000,445.131143,444.947961,0.050000
89.760000,445.096196,444.913040,0.050000
89.780000,445.061252,444.878123,0.050000
89.800000,445.026312,444.843209,0.050000
89.820000,444.991375,444.808298,0.050000
89.840000,444.956441,444.773391,0.050000
89.860000,444.921511,444.738487,0.050000
89.880000,444.886584,444.703586,0.050000
89.900000,444.851661,444.668689,0.050000
89.920000,444.816740,444.633795,0.050000
89.940000,444.781824,444.598905,0.050000
89.960000,444.746911,444.564018,0.050000
89.980000,444.712001,444.529134,0.050000
90.000000,444.677094,444.494254,0.050000
90.020000,444.642191,444.459377,0.050000
90.040000,444.607292,444.424503,0.050000
90.060000,444.572395,444.389633,0.050000
90.080000,444.537502,444.354767,0.050000
90.100000,444.502613,444.319903,0.050000
90.120000,444.467727,444.285043,0.050000
90.140000,444.432844,444.250187,0.050000
90.160000,444.397965,444.215334,0.050000
90.180000,444.363089,444.180484,0.050000
90.200000,444.328216,444.145637,0.050000
90.220000,444.293347,444.110794,0.050000
90.240000,444.258481,444.075955,0.050000
90.260000,444.223619,444.041118,0.050000
90.280000,444.188760,444.006286,0.050000
90.300000,444.153904,443.971456,0.050000
90.320000,444.119052,443.936630,0.050000
90.340000,444.084203,443.901807,0.050000
90.360000,444.049358,443.866988,0.050000
90.380000,444.014516,443.832172,0.050000
90.400000,443.979677,443.797359,0.050000
90.420000,443.944842,443.762550,0.050000
90.440000,443.910010,443.727744,0.050000
90.460000,443.875181,443.692942,0.050000
90.480000,443.840356,443.658143,0.050000
90.500000,443.805534,443.623347,0.050000
90.520000,443.770716,443.588555,0.050000
90.540000,443.735901,443.553766,0.050000
90.560000,443.701089,443.518980,0.050000
90.580000,443.666281,443.484198,0.050000
90.600000,443.631476,443.449419,0.050000
90.620000,443.596675,443.414644,0.050000
90.640000,443.561877,443.379872,0.050000
90.660000,443.527082,443.345103,0.050000
90.680000,443.492291,443.310338,0.050000
90.700000,443.457503,443.275576,0.050000
90.720000,443.422718,443.240817,0.050000
90.740000,443.387937,443.206062,0.050000
90.760000,443.353159,443.171310,0.050000
90.780000,443.318385,443.136562,0.050000
90.800000,443.283614,443.101816,0.050000
90.820000,443.248846,443.067075,0.050000
90.840000,443.214082,443.032336,0.050000
90.860000,443.179321,442.997601,0.050000
90.880000,443.144563,442.962870,0.050000
90.900000,443.109809,442.928142,0.050000
90.920000,443.075058,442.893417,0.050000
90.940000,443.040311,442.858695,0.050000
90.960000,443.005567,442.823977,0.050000
90.980000,442.970826,442.789262,0.050000
91.000000,442.936089,442.754551,0.050000
91.020000,442.901355,442.719843,0.050000
91.040000,442.866624,442.685138,0.050000
91.060000,442.831897,442.650437,0.050000
91.080000,442.797173,442.615739,0.050000
91.100000,442.762453,442.581044,0.050000
91.120000,442.727736,442.546353,0.050000
91.140000,442.693022,442.511665,0.050000
91.160000,442.658312,442.476981,0.050000
91.180000,442.623605,442.442300,0.050000
91.200000,442.588901,442.407622,0.050000
91.220000,442.554201,442.372947,0.050000
91.240000,442.519504,442.338276,0.050000
91.260000,442.484810,442.303609,0.050000
91.280000,442.450120,442.268944,0.050000
91.300000,442.415433,442.234283,0.050000
91.320000,442.380750,442.199626,0.050000
91.340000,442.346070,442.164971,0.050000
91.360000,442.311393,442.130321,0.050000
91.380000,442.276720,442.095673,0.050000
91.400000,442.242050,442.061029,0.050000
91.420000,442.207383,442.026388,0.050000
91.440000,442.172720,441.991751,0.050000
91.460000,442.138060,441.957116,0.050000
91.480000,442.103404,441.922486,0.050000
91.500000,442.068750,441.887858,0.050000
91.520000,442.034101,441.853234,0.050000
91.540000,441.999454,441.818614,0.050000
91.560000,441.964811,441.783996,0.050000
91.580000,441.930171,441.749382,0.050000
91.600000,441.895535,441.714772,0.050000
91.620000,441.860902,441.680164,0.050000
91.640000,441.826272,441.645560,0.050000
91.660000,441.791646,441.610960,0.050000
91.680000,441.757023,441.576363,0.050000
91.700000,441.722404,441.541769,0.050000
91.720000,441.687787,441.507178,0.050000
91.740000,441.653175,441.472591,0.050000
91.760000,441.618565,441.438007,0.050000
91.780000,441.583959,441.403427,0.050000
91.800000,441.549356,441.368850,0.050000
91.820000,441.514757,441.334276,0.050000
91.840000,441.480161,441.299706,0.050000
91.860000,441.445568,441.265139,0.050000
91.880000,441.410979,441.230575,0.050000
91.900000,441.376393,441.196014,0.050000
91.920000,441.341810,441.161457,0.050000
91.940000,441.307231,441.126904,0.050000
91.960000,441.272655,441.092353,0.050000
91.980000,441.238082,441.057806,0.050000
92.000000,441.203513,441.023263,0.050000
92.020000,441.168947,440.988722,0.050000
92.040000,441.134384,440.954185,0.050000
92.060000,441.099825,440.919652,0.050000
92.080000,441.065269,440.885122,0.050000
92.100000,441.030717,440.850595,0.050000
92.120000,440.996167,440.816071,0.050000
92.140000,440.961622,440.781551,0.050000
92.160000,440.927079,440.747034,0.050000
92.180000,440.892540,440.712520,0.050000
92.200000,440.858004,440.678010,0.050000
92.220000,440.823472,440.643503,0.050000
92.240000,440.788943,440.609000,0.050000
92.260000,440.754417,440.574499,0.050000
92.280000,440.719894,440.540002,0.050000
92.300000,440.685375,440.505509,0.050000
92.320000,440.650860,440.471019,0.050000
92.340000,440.616347,440.436532,0.050000
92.360000,440.581838,440.402048,0.050000
92.380000,440.547332,440.367568,0.050000
92.400000,440.512830,440.333091,0.050000
92.420000,440.478331,440.298618,0.050000
92.440000,440.443835,440.264148,0.050000
92.460000,440.409343,440.229681,0.050000
92.480000,440.374854,440.195217,0.050000
92.500000,440.340368,440.160757,0.050000
92.520000,440.305886,440.126300,0.050000
92.540000,440.271407,440.091847,0.050000
92.560000,440.236931,440.057396,0.050000
92.580000,440.202459,440.022950,0.050000
92.600000,440.167990,439.988506,0.050000
92.620000,440.133524,439.954066,0.050000
92.640000,440.099062,439.919629,0.050000
92.660000,440.064603,439.885195,0.050000
92.680000,440.030148,439.850765,0.050000
92.700000,439.995695,439.816338,0.050000
92.720000,439.961246,439.781915,0.050000
92.740000,439.926801,439.747494,0.050000
92.760000,439.892358,439.713078,0.050000
92.780000,439.857919,439.678664,0.050000
92.800000,439.823484,439.644254,0.050000
92.820000,439.789051,439.609847,0.050000
92.840000,439.754622,439.575443,0.050000
92.860000,439.720197,439.541043,0.050000
92.880000,439.685774,439.506646,0.050000
92.900000,439.651355,439.472252,0.050000
92.920000,439.616940,439.437862,0.050000
92.940000,439.582527,439.403475,0.050000
92.960000,439.548118,439.369091,0.050000
92.980000,439.513713,439.334711,0.050000
93.000000,439.479310,439.300334,0.050000
93.020000,439.444911,439.265960,0.050000
93.040000,439.410516,439.231590,0.050000
93.060000,439.376123,439.197223,0.050000
93.080000,439.341734,439.162859,0.050000
93.100000,439.307349,439.128499,0.050000
93.120000,439.272966,439.094142,0.050000
93.140000,439.238587,439.059788,0.050000
93.160000,439.204211,439.025437,0.050000
93.180000,439.169839,438.991090,0.050000
93.200000,439.135470,438.956746,0.050000
93.220000,439.101104,438.922406,0.050000
93.240000,439.066741,438.888069,0.050000
93.260000,439.032382,438.853735,0.050000
93.280000,438.998026,438.819404,0.050000
93.300000,438.963674,438.785077,0.050000
93.320000,438.929325,438.750753,0.050000
93.340000,438.894979,438.716432,0.050000
93.360000,438.860636,438.682115,0.050000
93.380000,438.826297,438.647801,0.050000
93.400000,438.791961,438.613490,0.050000
93.420000,438.757629,438.579183,0.050000
93.440000,438.723299,438.544879,0.050000
93.460000,438.688973,438.510578,0.050000
93.480000,438.654651,438.476281,0.050000
93.500000,438.620331,438.441986,0.050000
93.520000,438.586015,438.407696,0.050000
93.540000,438.551703,438.373408,0.050000
93.560000,438.517393,438.339124,0.050000
93.580000,438.483087,438.304843,0.050000
93.600000,438.448784,438.270565,0.050000
93.620000,438.414485,438.236291,0.050000
93.640000,438.380189,438.202020,0.050000
93.660000,438.345896,438.167752,0.050000
93.680000,438.311606,438.133488,0.050000
93.700000,438.277320,438.099227,0.050000
93.720000,438.243037,438.064969,0.050000
93.740000,438.208758,438.030715,0.050000
93.760000,438.174481,437.996463,0.050000
93.780000,438.140209,437.962216,0.050000
93.800000,438.105939,437.927971,0.050000
93.820000,438.071672,437.893730,0.050000
93.840000,438.037409,437.859492,0.050000
93.860000,438.003150,437.825257,0.050000
93.880000,437.968893,437.791026,0.050000
93.900000,437.934640,437.756798,0.050000
93.920000,437.900390,437.722573,0.050000
93.940000,437.866144,437.688352,0.050000
93.960000,437.831901,437.654133,0.050000
93.980000,437.797661,437.619919,0.050000
94.000000,437.763424,437.585707,0.050000
94.020000,437.729191,437.551499,0.050000
94.040000,437.694961,437.517294,0.050000
94.060000,437.660734,437.483092,0.050000
94.080000,437.626511,437.448894,0.050000
94.100000,437.592290,437.414699,0.050000
94.120000,437.558074,437.380507,0.050000
94.140000,437.523860,437.346318,0.050000
94.160000,437.489650,437.312133,0.050000
94.180000,437.455443,437.277951,0.050000
94.200000,437.421239,437.243773,0.050000
94.220000,437.387039,437.209597,0.050000
94.240000,437.352842,437.175425,0.050000
94.260000,437.318648,437.141256,0.050000
94.280000,437.284458,437.107091,0.050000
94.300000,437.250271,437.072929,0.050000
94.320000,437.216087,437.038770,0.050000
94.340000,437.181906,437.004614,0.050000
94.360000,437.147729,436.970462,0.050000
94.380000,437.113555,436.936313,0.050000
94.400000,437.079385,436.902167,0.050000
94.420000,437.045217,436.868025,0.050000
94.440000,437.011053,436.833886,0.050000
94.460000,436.976892,436.799750,0.050000
94.480000,436.942735,436.765617,0.050000
94.500000,436.908581,436.731488,0.050000
94.520000,436.874430,436.697362,0.050000
94.540000,436.840282,436.663239,0.050000
94.560000,436.806138,436.629120,0.050000
94.580000,436.771997,436.595004,0.050000
94.600000,436.737859,436.560891,0.050000
94.620000,436.703725,436.526781,0.050000
94.640000,436.669594,436.492675,0.050000
94.660000,436.635466,436.458572,0.050000
94.680000,436.601341,436.424472,0.050000
94.700000,436.567220,436.390376,0.050000
94.720000,436.533102,436.356283,0.050000
94.740000,436.498987,436.322193,0.050000
94.760000,436.464876,436.288106,0.050000
94.780000,436.430767,436.254023,0.050000
94.800000,436.396662,436.219943,0.050000
94.820000,436.362561,436.185866,0.050000
94.840000,436.328463,436.151793,0.050000
94.860000,436.294368,436.117722,0.050000
94.880000,436.260276,436.083655,0.050000
94.900000,436.226187,436.049592,0.050000
94.920000,436.192102,436.015531,0.050000
94.940000,436.158020,435.981474,0.050000
94.960000,436.123942,435.947420,0.050000
94.980000,436.089866,435.913370,0.050000
95.000000,436.055794,435.879322,0.050000
95.020000,436.021725,435.845278,0.050000
95.040000,435.987660,435.811238,0.050000
95.060000,435.953598,435.777200,0.050000
95.080000,435.919539,435.743166,0.050000
95.100000,435.885483,435.709135,0.050000
95.120000,435.851430,435.675107,0.050000
95.140000,435.817381,435.641083,0.050000
95.160000,435.783335,435.607062,0.050000
95.180000,435.749293,435.573044,0.050000
95.200000,435.715254,435.539029,0.050000
95.220000,435.681218,435.505018,0.050000
95.240000,435.647185,435.471010,0.050000
95.260000,435.613155,435.437005,0.050000
95.280000,435.579129,435.403004,0.050000
95.300000,435.545106,435.369005,0.050000
95.320000,435.511086,435.335010,0.050000
95.340000,435.477070,435.301019,0.050000
95.360000,435.443057,435.267030,0.050000
95.380000,435.409047,435.233045,0.050000
95.400000,435.375040,435.199063,0.050000
95.420000,435.341037,435.165084,0.050000
95.440000,435.307037,435.131109,0.050000
95.460000,435.273040,435.097137,0.050000
95.480000,435.239047,435.063168,0.050000
95.500000,435.205056,435.029202,0.050000
95.520000,435.171069,434.995240,0.050000
95.540000,435.137086,434.961281,0.050000
95.560000,435.103105,434.927325,0.050000
95.580000,435.069128,434.893372,0.050000
95.600000,435.035154,434.859423,0.050000
95.620000,435.001183,434.825477,0.050000
95.640000,434.967216,434.791534,0.050000
95.660000,434.933252,434.757595,0.050000
95.680000,434.899291,434.723658,0.050000
95.700000,434.865333,434.689725,0.050000
95.720000,434.831379,434.655795,0.050000
95.740000,434.797428,434.621869,0.050000
95.760000,434.763480,434.587946,0.050000
95.780000,434.729535,434.554026,0.050000
95.800000,434.695594,434.520109,0.050000
95.820000,434.661656,434.486195,0.050000
95.840000,434.627721,434.452285,0.050000
95.860000,434.593790,434.418378,0.050000
95.880000,434.559861,434.384474,0.050000
95.900000,434.525936,434.350574,0.050000
95.920000,434.492015,434.316677,0.050000
95.940000,434.458096,434.282783,0.050000
95.960000,434.424181,434.248892,0.050000
95.980000,434.390269,434.215004,0.050000
96.000000,434.356360,434.181120,0.050000
96.020000,434.322454,434.147239,0.050000
96.040000,434.288552,434.113361,0.050000
96.060000,434.254653,434.079487,0.050000
96.080000,434.220757,434.045615,0.050000
96.100000,434.186865,434.011747,0.050000
96.120000,434.152976,433.977883,0.050000
96.140000,434.119090,433.944021,0.050000
96.160000,434.085207,433.910163,0.050000
96.180000,434.051327,433.876308,0.050000
96.200000,434.017451,433.842456,0.050000
96.220000,433.983578,433.808607,0.050000
96.240000,433.949708,433.774762,0.050000
96.260000,433.915842,433.740920,0.050000
96.280000,433.881979,433.707081,0.050000
96.300000,433.848119,433.673246,0.050000
96.320000,433.814262,433.639413,0.050000
96.340000,433.780408,433.605584,0.050000
96.360000,433.746558,433.571758,0.050000
96.380000,433.712711,433.537936,0.050000
96.400000,433.678867,433.504116,0.050000
96.420000,433.645027,433.470300,0.050000
96.440000,433.611189,433.436487,0.050000
96.460000,433.577355,433.402677,0.050000
96.480000,433.543524,433.368871,0.050000
96.500000,433.509697,433.335068,0.050000
96.520000,433.475873,433.301268,0.050000
96.540000,433.442051,433.267471,0.050000
96.560000,433.408234,433.233678,0.050000
96.580000,433.374419,433.199887,0.050000
96.600000,433.340608,433.166100,0.050000
96.620000,433.306800,433.132316,0.050000
96.640000,433.272995,433.098536,0.050000
96.660000,433.239193,433.064759,0.050000
96.680000,433.205395,433.030984,0.050000
96.700000,433.171599,432.997214,0.050000
96.720000,433.137807,432.963446,0.050000
96.740000,433.104019,432.929682,0.050000
96.760000,433.070233,432.895920,0.050000
96.780000,433.036451,432.862162,0.050000
96.800000,433.002672,432.828408,0.050000
96.820000,432.968896,432.794656,0.050000
96.840000,432.935124,432.760908,0.050000
96.860000,432.901354,432.727163,0.050000
96.880000,432.867588,432.693421,0.050000
96.900000,432.833825,432.659682,0.050000
96.920000,432.800066,432.625947,0.050000
96.940000,432.766309,432.592215,0.050000
96.960000,432.732556,432.558486,0.050000
96.980000,432.698806,432.524760,0.050000
97.000000,432.665060,432.491038,0.050000
97.020000,432.631316,432.457319,0.050000
97.040000,432.597576,432.423603,0.050000
97.060000,432.563839,432.389890,0.050000
97.080000,432.530105,432.356180,0.050000
97.100000,432.496375,432.322474,0.050000
97.120000,432.462647,432.288771,0.050000
97.140000,432.428923,432.255071,0.050000
97.160000,432.395202,432.221374,0.050000
97.180000,432.361485,432.187681,0.050000
97.200000,432.327770,432.153990,0.050000
97.220000,432.294059,432.120303,0.050000
97.240000,432.260351,432.086620,0.050000
97.260000,432.226646,432.052939,0.050000
97.280000,432.192945,432.019262,0.050000
97.300000,432.159246,431.985587,0.050000
97.320000,432.125551,431.951916,0.050000
97.340000,432.091859,431.918249,0.050000
97.360000,432.058171,431.884584,0.050000
97.380000,432.024485,431.850923,0.050000
97.400000,431.990803,431.817265,0.050000
97.420000,431.957124,431.783610,0.050000
97.440000,431.923448,431.749958,0.050000
97.460000,431.889776,431.716310,0.050000
97.480000,431.856106,431.682665,0.050000
97.500000,431.822440,431.649022,0.050000
97.520000,431.788777,431.615384,0.050000
97.540000,431.755117,431.581748,0.050000
97.560000,431.721461,431.548116,0.050000
97.580000,431.687808,431.514486,0.050000
97.600000,431.654158,431.480860,0.050000
97.620000,431.620511,431.447238,0.050000
97.640000,431.586867,431.413618,0.050000
97.660000,431.553227,431.380002,0.050000
97.680000,431.519590,431.346389,0.050000
97.700000,431.485956,431.312779,0.050000
97.720000,431.452325,431.279172,0.050000
97.740000,431.418697,431.245568,0.050000
97.760000,431.385073,431.211968,0.050000
97.780000,431.351452,431.178371,0.050000
97.800000,431.317834,431.144777,0.050000
97.820000,431.284219,431.111186,0.050000
97.840000,431.250607,431.077599,0.050000
97.860000,431.216999,431.044014,0.050000
97.880000,431.183394,431.010433,0.050000
97.900000,431.149792,430.976855,0.050000
97.920000,431.116193,430.943281,0.050000
97.940000,431.082598,430.909709,0.050000
97.960000,431.049006,430.876141,0.050000
97.980000,431.015416,430.842576,0.050000
98.000000,430.981831,430.809014,0.050000
98.020000,430.948248,430.775455,0.050000
98.040000,430.914668,430.741899,0.050000
98.060000,430.881092,430.708347,0.050000
98.080000,430.847519,430.674798,0.050000
98.100000,430.813949,430.641252,0.050000
98.120000,430.780382,430.607709,0.050000
98.140000,430.746819,430.574170,0.050000
98.160000,430.713259,430.540633,0.050000
98.180000,430.679702,430.507100,0.050000
98.200000,430.646148,430.473570,0.050000
98.220000,430.612597,430.440044,0.050000
98.240000,430.579050,430.406520,0.050000
98.260000,430.545505,430.373000,0.050000
98.280000,430.511964,430.339482,0.050000
98.300000,430.478426,430.305968,0.050000
98.320000,430.444892,430.272458,0.050000
98.340000,430.411360,430.238950,0.050000
98.360000,430.377832,430.205446,0.050000
98.380000,430.344307,430.171944,0.050000
98.400000,430.310785,430.138446,0.050000
98.420000,430.277266,430.104951,0.050000
98.440000,430.243750,430.071460,0.050000
98.460000,430.210238,430.037971,0.050000
98.480000,430.176729,430.004486,0.050000
98.500000,430.143223,429.971004,0.050000
98.520000,430.109720,429.937525,0.050000
98.540000,430.076221,429.904049,0.050000
98.560000,430.042724,429.870577,0.050000
98.580000,430.009231,429.837107,0.050000
98.600000,429.975741,429.803641,0.050000
98.620000,429.942254,429.770178,0.050000
98.640000,429.908771,429.736718,0.050000
98.660000,429.875290,429.703261,0.050000
98.680000,429.841813,429.669808,0.050000
98.700000,429.808339,429.636358,0.050000
98.720000,429.774868,429.602911,0.050000
98.740000,429.741400,429.569467,0.050000
98.760000,429.707936,429.536026,0.050000
98.780000,429.674474,429.502588,0.050000
98.800000,429.641016,429.469154,0.050000
98.820000,429.607561,429.435723,0.050000
98.840000,429.574109,429.402295,0.050000
98.860000,429.540661,429.368870,0.050000
98.880000,429.507215,429.335448,0.050000
98.900000,429.473773,429.302030,0.050000
98.920000,429.440334,429.268614,0.050000
98.940000,429.406898,429.235202,0.050000
98.960000,429.373465,429.201793,0.050000
98.980000,429.340036,429.168387,0.050000
99.000000,429.306610,429.134985,0.050000
99.020000,429.273186,429.101585,0.050000
99.040000,429.239766,429.068189,0.050000
99.060000,429.206350,429.034796,0.050000
99.080000,429.172936,429.001406,0.050000
99.100000,429.139526,428.968019,0.050000
99.120000,429.106118,428.934635,0.050000
99.140000,429.072714,428.901255,0.050000
99.160000,429.039313,428.867878,0.050000
99.180000,429.005915,428.834504,0.050000
99.200000,428.972521,428.801133,0.050000
99.220000,428.939129,428.767765,0.050000
99.240000,428.905741,428.734400,0.050000
99.260000,428.872356,428.701039,0.050000
99.280000,428.838974,428.667681,0.050000
99.300000,428.805595,428.634326,0.050000
99.320000,428.772220,428.600974,0.050000
99.340000,428.738848,428.567625,0.050000
99.360000,428.705478,428.534279,0.050000
99.380000,428.672112,428.500937,0.050000
99.400000,428.638749,428.467598,0.050000
99.420000,428.605390,428.434261,0.050000
99.440000,428.572033,428.400928,0.050000
99.460000,428.538680,428.367599,0.050000
99.480000,428.505329,428.334272,0.050000
99.500000,428.471982,428.300949,0.050000
99.520000,428.438639,428.267628,0.050000
99.540000,428.405298,428.234311,0.050000
99.560000,428.371960,428.200997,0.050000
99.580000,428.338626,428.167686,0.050000
99.600000,428.305295,428.134379,0.050000
99.620000,428.271967,428.101074,0.050000
99.640000,428.238642,428.067773,0.050000
99.660000,428.205320,428.034475,0.050000
99.680000,428.172001,428.001179,0.050000
99.700000,428.138686,427.967888,0.050000
99.720000,428.105374,427.934599,0.050000
99.740000,428.072064,427.901313,0.050000
99.760000,428.038759,427.868031,0.050000
99.780000,428.005456,427.834752,0.050000
99.800000,427.972156,427.801475,0.050000
99.820000,427.938860,427.768202,0.050000
99.840000,427.905566,427.734933,0.050000
99.860000,427.872276,427.701666,0.050000
99.880000,427.838989,427.668402,0.050000
99.900000,427.805705,427.635142,0.050000
99.920000,427.772425,427.601885,0.050000
99.940000,427.739147,427.568631,0.050000
99.960000,427.705873,427.535380,0.050000
99.980000,427.672601,427.502132,0.050000
100.000000,427.639333,427.468888,0.050000
100.020000,427.606068,427.435646,0.050000
100.040000,427.572807,427.402408,0.050000
100.060000,427.539548,427.369173,0.050000
100.080000,427.506293,427.335941,0.050000
100.100000,427.473040,427.302712,0.050000
100.120000,427.439791,427.269486,0.050000
100.140000,427.406545,427.236263,0.050000
100.160000,427.373302,427.203044,0.050000
100.180000,427.340063,427.169827,0.050000
100.200000,427.306826,427.136614,0.050000
100.220000,427.273593,427.103404,0.050000
100.240000,427.240362,427.070197,0.050000
100.260000,427.207135,427.036994,0.050000
100.280000,427.173911,427.003793,0.050000
100.300000,427.140690,426.970596,0.050000
100.320000,427.107473,426.937401,0.050000
100.340000,427.074258,426.904210,0.050000
100.360000,427.041047,426.871022,0.050000
100.380000,427.007838,426.837837,0.050000
100.400000,426.974633,426.804655,0.050000
100.420000,426.941431,426.771477,0.050000
100.440000,426.908232,426.738301,0.050000
100.460000,426.875037,426.705129,0.050000
100.480000,426.841844,426.671960,0.050000
100.500000,426.808655,426.638794,0.050000
100.520000,426.775468,426.605631,0.050000
100.540000,426.742285,426.572471,0.050000
100.560000,426.709105,426.539314,0.050000
100.580000,426.675928,426.506161,0.050000
100.600000,426.642755,426.473010,0.050000
100.620000,426.609584,426.439863,0.050000
100.640000,426.576417,426.406719,0.050000
100.660000,426.543252,426.373578,0.050000
100.680000,426.510091,426.340440,0.050000
100.700000,426.476933,426.307305,0.050000
100.720000,426.443778,426.274173,0.050000
100.740000,426.410626,426.241045,0.050000
100.760000,426.377478,426.207919,0.050000
100.780000,426.344332,426.174797,0.050000
100.800000,426.311190,426.141678,0.050000
100.820000,426.278051,426.108562,0.050000
100.840000,426.244915,426.075449,0.050000
100.860000,426.211782,426.042339,0.050000
100.880000,426.178652,426.009233,0.050000
100.900000,426.145525,425.976129,0.050000
100.920000,426.112401,425.943029,0.050000
100.940000,426.079281,425.909932,0.050000
100.960000,426.046164,425.876838,0.050000
100.980000,426.013049,425.843747,0.050000
101.000000,425.979938,425.810659,0.050000
101.020000,425.946830,425.777574,0.050000
101.040000,425.913725,425.744492,0.050000
101.060000,425.880624,425.711414,0.050000
101.080000,425.847525,425.678338,0.050000
101.100000,425.814430,425.645266,0.050000
101.120000,425.781337,425.612197,0.050000
101.140000,425.748248,425.579131,0.050000
101.160000,425.715162,425.546068,0.050000
101.180000,425.682079,425.513008,0.050000
101.200000,425.648999,425.479952,0.050000
101.220000,425.615923,425.446898,0.050000
101.240000,425.582849,425.413848,0.050000
101.260000,425.549779,425.380800,0.050000
101.280000,425.516711,425.347756,0.050000
101.300000,425.483647,425.314715,0.050000
101.320000,425.450586,425.281677,0.050000
101.340000,425.417528,425.248642,0.050000
101.360000,425.384473,425.215610,0.050000
101.380000,425.351421,425.182582,0.050000
101.400000,425.318373,425.149556,0.050000
101.420000,425.285327,425.116534,0.050000
101.440000,425.252285,425.083514,0.050000
101.460000,425.219245,425.050498,0.050000
101.480000,425.186209,425.017485,0.050000
101.500000,425.153176,424.984475,0.050000
101.520000,425.120146,424.951468,0.050000
101.540000,425.087119,424.918465,0.050000
101.560000,425.054096,424.885464,0.050000
101.580000,425.021075,424.852466,0.050000
101.600000,424.988058,424.819472,0.050000
101.620000,424.955043,424.786481,0.050000
101.640000,424.922032,424.753492,0.050000
101.660000,424.889024,424.720507,0.050000
101.680000,424.856019,424.687525,0.050000
101.700000,424.823017,424.654546,0.050000
101.720000,424.790018,424.621571,0.050000
101.740000,424.757022,424.588598,0.050000
101.760000,424.724030,424.555628,0.050000
101.780000,424.691040,424.522662,0.050000
101.800000,424.658054,424.489698,0.050000
101.820000,424.625070,424.456738,0.050000
101.840000,424.592090,424.423781,0.050000
101.860000,424.559113,424.390827,0.050000
101.880000,424.526139,424.357876,0.050000
101.900000,424.493168,424.324928,0.050000
101.920000,424.460201,424.291983,0.050000
101.940000,424.427236,424.259042,0.050000
101.960000,424.394274,424.226103,0.050000
101.980000,424.361316,424.193167,0.050000
102.000000,424.328361,424.160235,0.050000
102.020000,424.295408,424.127306,0.050000
102.040000,424.262459,424.094380,0.050000
102.060000,424.229513,424.061456,0.050000
102.080000,424.196570,424.028536,0.050000
102.100000,424.163630,423.995619,0.050000
102.120000,424.130694,423.962706,0.050000
102.140000,424.097760,423.929795,0.050000
102.160000,424.064829,423.896887,0.050000
102.180000,424.031902,423.863983,0.050000
102.200000,423.998978,423.831081,0.050000
102.220000,423.966056,423.798183,0.050000
102.240000,423.933138,423.765288,0.050000
102.260000,423.900223,423.732396,0.050000
102.280000,423.867311,423.699506,0.050000
102.300000,423.834402,423.666620,0.050000
102.320000,423.801496,423.633738,0.050000
102.340000,423.768594,423.600858,0.050000
102.360000,423.735694,423.567981,0.050000
102.380000,423.702798,423.535107,0.050000
102.400000,423.669904,423.502237,0.050000
102.420000,423.637014,423.469369,0.050000
102.440000,423.604127,423.436505,0.050000
102.460000,423.571242,423.403644,0.050000
102.480000,423.538361,423.370785,0.050000
102.500000,423.505483,423.337930,0.050000
102.520000,423.472609,423.305078,0.050000
102.540000,423.439737,423.272229,0.050000
102.560000,423.406868,423.239383,0.050000
102.580000,423.374002,423.206541,0.050000
102.600000,423.341140,423.173701,0.050000
102.620000,423.308280,423.140864,0.050000
102.640000,423.275424,423.108031,0.050000
102.660000,423.242571,423.075200,0.050000
102.680000,423.209721,423.042373,0.050000
102.700000,423.176874,423.009548,0.050000
102.720000,423.144030,422.976727,0.050000
102.740000,423.111189,422.943909,0.050000
102.760000,423.078351,422.911094,0.050000
102.780000,423.045516,422.878282,0.050000
102.800000,423.012684,422.845473,0.050000
102.820000,422.979856,422.812667,0.050000
102.840000,422.947030,422.779864,0.050000
102.860000,422.914208,422.747065,0.050000
102.880000,422.881388,422.714268,0.050000
102.900000,422.848572,422.681475,0.050000
102.920000,422.815759,422.648684,0.050000
102.940000,422.782949,422.615897,0.050000
102.960000,422.750142,422.583112,0.050000
102.980000,422.717338,422.550331,0.050000
103.000000,422.684537,422.517553,0.050000
103.020000,422.651739,422.484778,0.050000
103.040000,422.618944,422.452006,0.050000
103.060000,422.586153,422.419237,0.050000
103.080000,422.553364,422.386471,0.050000
103.100000,422.520579,422.353708,0.050000
103.120000,422.487796,422.320948,0.050000
103.140000,422.455017,422.288192,0.050000
103.160000,422.422240,422.255438,0.050000
103.180000,422.389467,422.222688,0.050000
103.200000,422.356697,422.189940,0.050000
103.220000,422.323930,422.157196,0.050000
103.240000,422.291166,422.124454,0.050000
103.260000,422.258405,422.091716,0.050000
103.280000,422.225647,422.058981,0.050000
103.300000,422.192892,422.026249,0.050000
103.320000,422.160141,421.993520,0.050000
103.340000,422.127392,421.960793,0.050000
103.360000,422.094646,421.928071,0.050000
103.380000,422.061904,421.895351,0.050000
103.400000,422.029164,421.862634,0.050000
103.420000,421.996428,421.829920,0.050000
103.440000,421.963695,421.797209,0.050000
103.460000,421.930964,421.764502,0.050000
103.480000,421.898237,421.731797,0.050000
103.500000,421.865513,421.699095,0.050000
103.520000,421.832792,421.666397,0.050000
103.540000,421.800074,421.633702,0.050000
103.560000,421.767359,421.601009,0.050000
103.580000,421.734647,421.568320,0.050000
103.600000,421.701938,421.535634,0.050000
103.620000,421.669232,421.502950,0.050000
103.640000,421.636530,421.470270,0.050000
103.660000,421.603830,421.437593,0.050000
103.680000,421.571133,421.404919,0.050000
103.700000,421.538440,421.372248,0.050000
103.720000,421.505750,421.339580,0.050000
103.740000,421.473062,421.306915,0.050000
103.760000,421.440378,421.274254,0.050000
103.780000,421.407696,421.241595,0.050000
103.800000,421.375018,421.208939,0.050000
103.820000,421.342343,421.176286,0.050000
103.840000,421.309671,421.143637,0.050000
103.860000,421.277002,421.110990,0.050000
103.880000,421.244336,421.078347,0.050000
103.900000,421.211673,421.045706,0.050000
103.920000,421.179013,421.013069,0.050000
103.940000,421.146356,420.980434,0.050000
103.960000,421.113702,420.947803,0.050000
103.980000,421.081052,420.915175,0.050000
104.000000,421.048404,420.882550,0.050000
104.020000,421.015759,420.849927,0.050000
104.040000,420.983118,420.817308,0.050000
104.060000,420.950479,420.784692,0.050000
104.080000,420.917844,420.752079,0.050000
104.100000,420.885211,420.719469,0.050000
104.120000,420.852582,420.686862,0.050000
104.140000,420.819955,420.654258,0.050000
104.160000,420.787332,420.621658,0.050000
104.180000,420.754712,420.589060,0.050000
104.200000,420.722095,420.556465,0.050000
104.220000,420.689480,420.523873,0.050000
104.240000,420.656869,420.491284,0.050000
104.260000,420.624261,420.458699,0.050000
104.280000,420.591656,420.426116,0.050000
104.300000,420.559054,420.393537,0.050000
104.320000,420.526455,420.360960,0.050000
104.340000,420.493859,420.328387,0.050000
104.360000,420.461266,420.295816,0.050000
104.380000,420.428677,420.263249,0.050000
104.400000,420.396090,420.230684,0.050000
104.420000,420.363506,420.198123,0.050000
104.440000,420.330925,420.165565,0.050000
104.460000,420.298348,420.133009,0.050000
104.480000,420.265773,420.100457,0.050000
104.500000,420.233202,420.067908,0.050000
104.520000,420.200633,420.035362,0.050000
104.540000,420.168068,420.002819,0.050000
104.560000,420.135505,419.970278,0.050000
104.580000,420.102946,419.937741,0.050000
104.600000,420.070389,419.905207,0.050000
104.620000,420.037836,419.872676,0.050000
104.640000,420.005286,419.840148,0.050000
104.660000,419.972738,419.807623,0.050000
104.680000,419.940194,419.775101,0.050000
104.700000,419.907653,419.742583,0.050000
104.720000,419.875115,419.710067,0.050000
104.740000,419.842580,419.677554,0.050000
104.760000,419.810048,419.645044,0.050000
104.780000,419.777518,419.612537,0.050000
104.800000,419.744992,419.580033,0.050000
104.820000,419.712469,419.547533,0.050000
104.840000,419.679949,419.515035,0.050000
104.860000,419.647432,419.482540,0.050000
104.880000,419.614919,419.450049,0.050000
104.900000,419.582408,419.417560,0.050000
104.920000,419.549900,419.385074,0.050000
104.940000,419.517395,419.352592,0.050000
104.960000,419.484893,419.320112,0.050000
104.980000,419.452394,419.287636,0.050000
105.000000,419.419899,419.255162,0.050000
105.020000,419.387406,419.222692,0.050000
105.040000,419.354916,419.190224,0.050000
105.060000,419.322429,419.157760,0.050000
105.080000,419.289946,419.125298,0.050000
105.100000,419.257465,419.092840,0.050000
105.120000,419.224988,419.060385,0.050000
105.140000,419.192513,419.027932,0.050000
105.160000,419.160041,418.995483,0.050000
105.180000,419.127573,418.963037,0.050000
105.200000,419.095107,418.930593,0.050000
105.220000,419.062645,418.898153,0.050000
105.240000,419.030185,418.865716,0.050000
105.260000,418.997729,418.833281,0.050000
105.280000,418.965276,418.800850,0.050000
105.300000,418.932825,418.768422,0.050000
105.320000,418.900378,418.735997,0.050000
105.340000,418.867933,418.703574,0.050000
105.360000,418.835492,418.671155,0.050000
105.380000,418.803054,418.638739,0.050000
105.400000,418.770618,418.606326,0.050000
105.420000,418.738186,418.573916,0.050000
105.440000,418.705757,418.541508,0.050000
105.460000,418.673330,418.509104,0.050000
105.480000,418.640907,418.476703,0.050000
105.500000,418.608487,418.444305,0.050000
105.520000,418.576070,418.411910,0.050000
105.540000,418.543655,418.379518,0.050000
105.560000,418.511244,418.347129,0.050000
105.580000,418.478836,418.314743,0.050000
105.600000,418.446431,418.282360,0.050000
105.620000,418.414029,418.249979,0.050000
105.640000,418.381629,418.217602,0.050000
105.660000,418.349233,418.185228,0.050000
105.680000,418.316840,418.152857,0.050000
105.700000,418.284450,418.120489,0.050000
105.720000,418.252063,418.088124,0.050000
105.740000,418.219679,418.055762,0.050000
105.760000,418.187298,418.023403,0.050000
105.780000,418.154920,417.991047,0.050000
105.800000,418.122544,417.958694,0.050000
105.820000,418.090172,417.926344,0.050000
105.840000,418.057803,417.893997,0.050000
105.860000,418.025437,417.861653,0.050000
105.880000,417.993074,417.829312,0.050000
105.900000,417.960714,417.796974,0.050000
105.920000,417.928357,417.764639,0.050000
105.940000,417.896003,417.732307,0.050000
105.960000,417.863652,417.699978,0.050000
105.980000,417.831304,417.667652,0.050000
106.000000,417.798959,417.635328,0.050000
106.020000,417.766617,417.603008,0.050000
106.040000,417.734278,417.570691,0.050000
106.060000,417.701941,417.538377,0.050000
106.080000,417.669608,417.506066,0.050000
106.100000,417.637278,417.473758,0.050000
106.120000,417.604951,417.441453,0.050000
106.140000,417.572627,417.409151,0.050000
106.160000,417.540306,417.376852,0.050000
106.180000,417.507988,417.344556,0.050000
106.200000,417.475673,417.312263,0.050000
106.220000,417.443361,417.279973,0.050000
106.240000,417.411052,417.247686,0.050000
106.260000,417.378746,417.215401,0.050000
106.280000,417.346443,417.183120,0.050000
106.300000,417.314143,417.150842,0.050000
106.320000,417.281846,417.118567,0.050000
106.340000,417.249551,417.086295,0.050000
106.360000,417.217260,417.054026,0.050000
106.380000,417.184972,417.021759,0.050000
106.400000,417.152687,416.989496,0.050000
106.420000,417.120405,416.957236,0.050000
106.440000,417.088126,416.924979,0.050000
106.460000,417.055850,416.892724,0.050000
106.480000,417.023576,416.860473,0.050000
106.500000,416.991306,416.828225,0.050000
106.520000,416.959039,416.795980,0.050000
106.540000,416.926775,416.763737,0.050000
106.560000,416.894514,416.731498,0.050000
106.580000,416.862255,416.699262,0.050000
106.600000,416.830000,416.667028,0.050000
106.620000,416.797748,416.634798,0.050000
106.640000,416.765499,416.602571,0.050000
106.660000,416.733252,416.570346,0.050000
106.680000,416.701009,416.538125,0.050000
106.700000,416.668769,416.505906,0.050000
106.720000,416.636532,416.473691,0.050000
106.740000,416.604297,416.441478,0.050000
106.760000,416.572066,416.409269,0.050000
106.780000,416.539837,416.377062,0.050000
106.800000,416.507612,416.344859,0.050000
106.820000,416.475390,416.312658,0.050000
106.840000,416.443170,416.280460,0.050000
106.860000,416.410954,416.248266,0.050000
106.880000,416.378740,416.216074,0.050000
106.900000,416.346530,416.183885,0.050000
106.920000,416.314322,416.151700,0.050000
106.940000,416.282118,416.119517,0.050000
106.960000,416.249916,416.087337,0.050000
106.980000,416.217718,416.055160,0.050000
107.000000,416.185522,416.022987,0.050000
107.020000,416.153329,415.990816,0.050000
107.040000,416.121140,415.958648,0.050000
107.060000,416.088953,415.926483,0.050000
107.080000,416.056769,415.894321,0.050000
107.100000,416.024589,415.862162,0.050000
107.120000,415.992411,415.830006,0.050000
107.140000,415.960236,415.797853,0.050000
107.160000,415.928064,415.765703,0.050000
107.180000,415.895896,415.733556,0.050000
107.200000,415.863730,415.701412,0.050000
107.220000,415.831567,415.669271,0.050000
107.240000,415.799407,415.637133,0.050000
107.260000,415.767250,415.604997,0.050000
107.280000,415.735096,415.572865,0.050000
107.300000,415.702945,415.540736,0.050000
107.320000,415.670797,415.508609,0.050000
107.340000,415.638652,415.476486,0.050000
107.360000,415.606510,415.444366,0.050000
107.380000,415.574371,415.412248,0.050000
107.400000,415.542235,415.380134,0.050000
107.420000,415.510101,415.348022,0.050000
107.440000,415.477971,415.315914,0.050000
107.460000,415.445844,415.283808,0.050000
107.480000,415.413720,415.251706,0.050000
107.500000,415.381598,415.219606,0.050000
107.520000,415.349480,415.187509,0.050000
107.540000,415.317365,415.155416,0.050000
107.560000,415.285252,415.123325,0.050000
107.580000,415.253143,415.091237,0.050000
107.600000,415.221036,415.059152,0.050000
107.620000,415.188933,415.027070,0.050000
107.640000,415.156832,414.994991,0.050000
107.660000,415.124734,414.962915,0.050000
107.680000,415.092640,414.930842,0.050000
107.700000,415.060548,414.898772,0.050000
107.720000,415.028459,414.866705,0.050000
107.740000,414.996374,414.834641,0.050000
107.760000,414.964291,414.802580,0.050000
107.780000,414.932211,414.770521,0.050000
107.800000,414.900134,414.738466,0.050000
107.820000,414.868060,414.706414,0.050000
107.840000,414.835989,414.674364,0.050000
107.860000,414.803921,414.642318,0.050000
107.880000,414.771856,414.610274,0.050000
107.900000,414.739794,414.578234,0.050000
107.920000,414.707735,414.546196,0.050000
107.940000,414.675678,414.514162,0.050000
107.960000,414.643625,414.482130,0.050000
107.980000,414.611575,414.450101,0.050000
108.000000,414.579527,414.418075,0.050000
108.020000,414.547483,414.386053,0.050000
108.040000,414.515442,414.354033,0.050000
108.060000,414.483403,414.322016,0.050000
108.080000,414.451368,414.290002,0.050000
108.100000,414.419335,414.257991,0.050000
108.120000,414.387305,414.225982,0.050000
108.140000,414.355279,414.193977,0.050000
108.160000,414.323255,414.161975,0.050000
108.180000,414.291234,414.129976,0.050000
108.200000,414.259216,414.097979,0.050000
108.220000,414.227201,414.065986,0.050000
108.240000,414.195189,414.033996,0.050000
108.260000,414.163180,414.002008,0.050000
108.280000,414.131174,413.970024,0.050000
108.300000,414.099171,413.938042,0.050000
108.320000,414.067171,413.906063,0.050000
108.340000,414.035174,413.874087,0.050000
108.360000,414.003179,413.842115,0.050000
108.380000,413.971188,413.810145,0.050000
108.400000,413.939200,413.778178,0.050000
108.420000,413.907214,413.746214,0.050000
108.440000,413.875232,413.714253,0.050000
108.460000,413.843252,413.682295,0.050000
108.480000,413.811276,413.650340,0.050000
108.500000,413.779302,413.618387,0.050000
108.520000,413.747331,413.586438,0.050000
108.540000,413.715363,413.554492,0.050000
108.560000,413.683398,413.522548,0.050000
108.580000,413.651436,413.490608,0.050000
108.600000,413.619477,413.458670,0.050000
108.620000,413.587521,413.426735,0.050000
108.640000,413.555568,413.394804,0.050000
108.660000,413.523618,413.362875,0.050000
108.680000,413.491671,413.330949,0.050000
108.700000,413.459727,413.299026,0.050000
108.720000,413.427785,413.267106,0.050000
108.740000,413.395847,413.235189,0.050000
108.760000,413.363911,413.203275,0.050000
108.780000,413.331979,413.171364,0.050000
108.800000,413.300049,413.139456,0.050000
108.820000,413.268122,413.107550,0.050000
108.840000,413.236199,413.075648,0.050000
108.860000,413.204278,413.043749,0.050000
108.880000,413.172360,413.011852,0.050000
108.900000,413.140445,412.979958,0.050000
108.920000,413.108533,412.948068,0.050000
108.940000,413.076624,412.916180,0.050000
108.960000,413.044718,412.884295,0.050000
108.980000,413.012814,412.852413,0.050000
109.000000,412.980914,412.820534,0.050000
109.020000,412.949017,412.788658,0.050000
109.040000,412.917122,412.756785,0.050000
109.060000,412.885231,412.724915,0.050000
109.080000,412.853342,412.693047,0.050000
109.100000,412.821456,412.661183,0.050000
109.120000,412.789573,412.629322,0.050000
109.140000,412.757694,412.597463,0.050000
109.160000,412.725817,412.565608,0.050000
109.180000,412.693943,412.533755,0.050000
109.200000,412.662072,412.501905,0.050000
109.220000,412.630204,412.470058,0.050000
109.240000,412.598338,412.438214,0.050000
109.260000,412.566476,412.406373,0.050000
109.280000,412.534617,412.374535,0.050000
109.300000,412.502760,412.342700,0.050000
109.320000,412.470907,412.310868,0.050000
109.340000,412.439056,412.279038,0.050000
109.360000,412.407208,412.247212,0.050000
109.380000,412.375364,412.215388,0.050000
109.400000,412.343522,412.183568,0.050000
109.420000,412.311683,412.151750,0.050000
109.440000,412.279847,412.119935,0.050000
109.460000,412.248014,412.088124,0.050000
109.480000,412.216184,412.056315,0.050000
109.500000,412.184356,412.024509,0.050000
109.520000,412.152532,411.992705,0.050000
109.540000,412.120711,411.960905,0.050000
109.560000,412.088892,411.929108,0.050000
109.580000,412.057076,411.897314,0.050000
109.600000,412.025264,411.865522,0.050000
109.620000,411.993454,411.833734,0.050000
109.640000,411.961647,411.801948,0.050000
109.660000,411.929843,411.770165,0.050000
109.680000,411.898042,411.738385,0.050000
109.700000,411.866244,411.706608,0.050000
109.720000,411.834449,411.674834,0.050000
109.740000,411.802657,411.643063,0.050000
109.760000,411.770867,411.611295,0.050000
109.780000,411.739081,411.579530,0.050000
109.800000,411.707297,411.547767,0.050000
109.820000,411.675516,411.516008,0.050000
109.840000,411.643739,411.484251,0.050000
109.860000,411.611964,411.452498,0.050000
109.880000,411.580192,411.420747,0.050000
109.900000,411.548423,411.388999,0.050000
109.920000,411.516657,411.357254,0.050000
109.940000,411.484894,411.325512,0.050000
109.960000,411.453133,411.293773,0.050000
109.980000,411.421376,411.262036,0.050000
110.000000,411.389621,411.230303,0.050000
110.020000,411.357870,411.198573,0.050000
110.040000,411.326121,411.166845,0.050000
110.060000,411.294375,411.135120,0.050000
110.080000,411.262633,411.103399,0.050000
110.100000,411.230893,411.071680,0.050000
110.120000,411.199155,411.039964,0.050000
110.140000,411.167421,411.008251,0.050000
110.160000,411.135690,410.976541,0.050000
110.180000,411.103962,410.944833,0.050000
110.200000,411.072236,410.913129,0.050000
110.220000,411.040514,410.881427,0.050000
110.240000,411.008794,410.849729,0.050000
110.260000,410.977077,410.818033,0.050000
110.280000,410.945363,410.786340,0.050000
110.300000,410.913652,410.754650,0.050000
110.320000,410.881944,410.722963,0.050000
110.340000,410.850239,410.691279,0.050000
110.360000,410.818537,410.659598,0.050000
110.380000,410.786837,410.627920,0.050000
110.400000,410.755141,410.596244,0.050000
110.420000,410.723447,410.564572,0.050000
110.440000,410.691757,410.532902,0.050000
110.460000,410.660069,410.501235,0.050000
110.480000,410.628384,410.469571,0.050000
110.500000,410.596702,410.437910,0.050000
110.520000,410.565023,410.406252,0.050000
110.540000,410.533347,410.374597,0.050000
110.560000,410.501673,410.342945,0.050000
110.580000,410.470003,410.311295,0.050000
110.600000,410.438335,410.279649,0.050000
110.620000,410.406671,410.248005,0.050000
110.640000,410.375009,410.216364,0.050000
110.660000,410.343350,410.184726,0.050000
110.680000,410.311694,410.153091,0.050000
110.700000,410.280041,410.121459,0.050000
110.720000,410.248391,410.089830,0.050000
110.740000,410.216743,410.058203,0.050000
110.760000,410.185099,410.026580,0.050000
110.780000,410.153457,409.994959,0.050000
110.800000,410.121819,409.963342,0.050000
110.820000,410.090183,409.931727,0.050000
110.840000,410.058550,409.900115,0.050000
110.860000,410.026920,409.868506,0.050000
110.880000,409.995293,409.836900,0.050000
110.900000,409.963669,409.805296,0.050000
110.920000,409.932047,409.773696,0.050000
110.940000,409.900429,409.742098,0.050000
110.960000,409.868813,409.710504,0.050000
110.980000,409.837200,409.678912,0.050000
111.000000,409.805591,409.647323,0.050000
111.020000,409.773984,409.615737,0.050000
111.040000,409.742380,409.584154,0.050000
111.060000,409.710778,409.552573,0.050000
111.080000,409.679180,409.520996,0.050000
111.100000,409.647585,409.489421,0.050000
111.120000,409.615992,409.457850,0.050000
111.140000,409.584402,409.426281,0.050000
111.160000,409.552816,409.394715,0.050000
111.180000,409.521232,409.363152,0.050000
111.200000,409.489651,409.331592,0.050000
111.220000,409.458072,409.300034,0.050000
111.240000,409.426497,409.268480,0.050000
111.260000,409.394925,409.236928,0.050000
111.280000,409.363355,409.205380,0.050000
111.300000,409.331789,409.173834,0.050000
111.320000,409.300225,409.142291,0.050000
111.340000,409.268664,409.110751,0.050000
111.360000,409.237106,409.079214,0.050000
111.380000,409.205551,409.047679,0.050000
111.400000,409.173998,409.016148,0.050000
111.420000,409.142449,408.984619,0.050000
111.440000,409.110902,408.953094,0.050000
111.460000,409.079359,408.921571,0.050000
111.480000,409.047818,408.890051,0.050000
111.500000,409.016280,408.858533,0.050000
111.520000,408.984745,408.827019,0.050000
111.540000,408.953213,408.795508,0.050000
111.560000,408.921683,408.763999,0.050000
111.580000,408.890157,408.732494,0.050000
111.600000,408.858633,408.700991,0.050000
111.620000,408.827112,408.669491,0.050000
111.640000,408.795595,408.637994,0.050000
111.660000,408.764080,408.606499,0.050000
111.680000,408.732567,408.575008,0.050000
111.700000,408.701058,408.543520,0.050000
111.720000,408.669552,408.512034,0.050000
111.740000,408.638048,408.480551,0.050000
111.760000,408.606548,408.449071,0.050000
111.780000,408.575050,408.417594,0.050000
111.800000,408.543555,408.386120,0.050000
111.820000,408.512063,408.354649,0.050000
111.840000,408.480573,408.323180,0.050000
111.860000,408.449087,408.291714,0.050000
111.880000,408.417604,408.260252,0.050000
111.900000,408.386123,408.228792,0.050000
111.920000,408.354645,408.197335,0.050000
111.940000,408.323170,408.165880,0.050000
111.960000,408.291698,408.134429,0.050000
111.980000,408.260229,408.102981,0.050000
112.000000,408.228763,408.071535,0.050000
112.020000,408.197299,408.040092,0.050000
112.040000,408.165839,408.008652,0.050000
112.060000,408.134381,407.977215,0.050000
112.080000,408.102926,407.945781,0.050000
112.100000,408.071474,407.914349,0.050000
112.120000,408.040025,407.882921,0.050000
112.140000,408.008578,407.851495,0.050000
112.160000,407.977135,407.820072,0.050000
112.180000,407.945694,407.788652,0.050000
112.200000,407.914256,407.757235,0.050000
112.220000,407.882821,407.725821,0.050000
112.240000,407.851389,407.694410,0.050000
112.260000,407.819960,407.663001,0.050000
112.280000,407.788534,407.631595,0.050000
112.300000,407.757110,407.600192,0.050000
112.320000,407.725689,407.568792,0.050000
112.340000,407.694272,407.537395,0.050000
112.360000,407.662857,407.506001,0.050000
112.380000,407.631445,407.474609,0.050000
112.400000,407.600035,407.443221,0.050000
112.420000,407.568629,407.411835,0.050000
112.440000,407.537225,407.380452,0.050000
112.460000,407.505825,407.349072,0.050000
112.480000,407.474427,407.317694,0.050000
112.500000,407.443032,407.286320,0.050000
112.520000,407.411639,407.254948,0.050000
112.540000,407.380250,407.223580,0.050000
112.560000,407.348864,407.192214,0.050000
112.580000,407.317480,407.160851,0.050000
112.600000,407.286099,407.129490,0.050000
112.620000,407.254721,407.098133,0.050000
112.640000,407.223346,407.066778,0.050000
112.660000,407.191974,407.035427,0.050000
112.680000,407.160604,407.004078,0.050000
112.700000,407.129238,406.972732,0.050000
112.720000,407.097874,406.941389,0.050000
112.740000,407.066513,406.910048,0.050000
112.760000,407.035155,406.878711,0.050000
112.780000,407.003800,406.847376,0.050000
112.800000,406.972447,406.816044,0.050000
112.820000,406.941098,406.784715,0.050000
112.840000,406.909751,406.753389,0.050000
112.860000,406.878407,406.722066,0.050000
112.880000,406.847066,406.690745,0.050000
112.900000,406.815728,406.659427,0.050000
112.920000,406.784393,406.628113,0.050000
112.940000,406.753060,406.596801,0.050000
112.960000,406.721731,406.565491,0.050000
112.980000,406.690404,406.534185,0.050000
113.000000,406.659080,406.502882,0.050000
113.020000,406.627759,406.471581,0.050000
113.040000,406.596440,406.440283,0.050000
113.060000,406.565125,406.408988,0.050000
113.080000,406.533812,406.377696,0.050000
113.100000,406.502502,406.346406,0.050000
113.120000,406.471195,406.315120,0.050000
113.140000,406.439891,406.283836,0.050000
113.160000,406.408590,406.252555,0.050000
113.180000,406.377291,406.221277,0.050000
113.200000,406.345995,406.190002,0.050000
113.220000,406.314703,406.158730,0.050000
113.240000,406.283413,406.127460,0.050000
113.260000,406.252125,406.096193,0.050000
113.280000,406.220841,406.064929,0.050000
113.300000,406.189560,406.033668,0.050000
113.320000,406.158281,406.002410,0.050000
113.340000,406.127005,405.971155,0.050000
113.360000,406.095732,405.939902,0.050000
113.380000,406.064462,405.908652,0.050000
113.400000,406.033194,405.877405,0.050000
113.420000,406.001930,405.846161,0.050000
113.440000,405.970668,405.814920,0.050000
113.460000,405.939409,405.783681,0.050000
113.480000,405.908153,405.752445,0.050000
113.500000,405.876900,405.721213,0.050000
113.520000,405.845649,405.689982,0.050000
113.540000,405.814402,405.658755,0.050000
113.560000,405.783157,405.627531,0.050000
113.580000,405.751915,405.596309,0.050000
113.600000,405.720676,405.565090,0.050000
113.620000,405.689439,405.533874,0.050000
113.640000,405.658206,405.502661,0.050000
113.660000,405.626975,405.471451,0.050000
113.680000,405.595747,405.440243,0.050000
113.700000,405.564522,405.409039,0.050000
113.720000,405.533300,405.377837,0.050000
113.740000,405.502081,405.346638,0.050000
113.760000,405.470864,405.315442,0.050000
113.780000,405.439650,405.284248,0.050000
113.800000,405.408439,405.253057,0.050000
113.820000,405.377231,405.221870,0.050000
113.840000,405.346026,405.190685,0.050000
113.860000,405.314823,405.159502,0.050000
113.880000,405.283624,405.128323,0.050000
113.900000,405.252427,405.097147,0.050000
113.920000,405.221233,405.065973,0.050000
113.940000,405.190041,405.034802,0.050000
113.960000,405.158853,405.003634,0.050000
113.980000,405.127667,404.972468,0.050000
114.000000,405.096485,404.941306,0.050000
114.020000,405.065305,404.910146,0.050000
114.040000,405.034127,404.878989,0.050000
114.060000,405.002953,404.847835,0.050000
114.080000,404.971781,404.816684,0.050000
114.100000,404.940613,404.785535,0.050000
114.120000,404.909447,404.754390,0.050000
114.140000,404.878284,404.723247,0.050000
114.160000,404.847123,404.692107,0.050000
114.180000,404.815966,404.660969,0.050000
114.200000,404.784811,404.629835,0.050000
114.220000,404.753659,404.598703,0.050000
114.240000,404.722510,404.567575,0.050000
114.260000,404.691364,404.536448,0.050000
114.280000,404.660220,404.505325,0.050000
